generation	fitness	corner	c	a1	a2	b	o	x
0	9.0	[217, 217, -92, -247, 246]	[172, 213, 73, 216, 205]	[-134, -123, -30, 168, 6]	[158, 123, -123, 94, -77]	[-212, 245, 71, 82, 16]	[-222, 204, -224, -34, -66]	[195, -132, -44, 210, 245]
1	9.3	[-39, -59, -240, 219, 60]	[-113, -38, -113, 179, -175]	[-246, 43, -7, 206, 243]	[-196, -43, -119, 192, -129]	[-226, -129, -35, 199, 59]	[163, 221, -187, 1, -66]	[-76, -215, -185, 59, -212]
2	9.0	[-39, -59, -240, 219, 60]	[-113, -38, -113, 179, -175]	[-246, 43, -7, 206, 243]	[-196, -43, -119, 192, -129]	[-226, -129, -35, 199, 59]	[163, 221, -187, 1, -66]	[-76, -215, -185, 59, -212]
3	8.3	[217, 217, -92, -247, 246]	[172, 213, 73, 216, 205]	[-134, -123, -30, 168, 6]	[158, 123, -123, 94, -77]	[-212, 245, 71, 82, 16]	[-222, 204, -224, -34, -66]	[195, -132, -44, 210, 245]
4	9.0	[83, 214, 65, -105, 218]	[29, 208, -108, -100, -229]	[50, -46, -152, -220, -158]	[241, 96, -131, 242, -192]	[191, -29, -222, -176, -135]	[-208, -160, 139, 62, 207]	[-243, 65, 65, 222, -175]
5	9.0	[83, 214, 65, -105, 218]	[29, 208, -108, -100, -229]	[50, -46, -152, -220, -158]	[241, 96, -131, 242, -192]	[191, -29, -222, -176, -135]	[-208, -160, 139, 62, 207]	[-243, 65, 65, 222, -175]
6	9.7	[83, 214, 65, -105, 218]	[29, 208, -108, -100, -229]	[50, -46, -152, -220, -158]	[241, 96, -131, 242, -192]	[191, -29, -222, -176, -135]	[-208, -160, 139, 62, 207]	[-243, 65, 65, 222, -175]
7	10.3	[83, 214, 65, -105, 218]	[29, 208, -108, -100, -229]	[50, -46, -152, -220, -158]	[241, 96, -131, 242, -192]	[191, -29, -222, -176, -135]	[-208, -160, 139, 62, 207]	[-243, 65, 65, 222, -175]
8	7.0	[169, -95, 26, -193, -106]	[-33, -226, 10, 154, 199]	[-161, 229, -242, 220, -243]	[-120, -177, -180, 115, 166]	[-143, 30, 66, -161, -50]	[224, 197, 77, -108, 214]	[-94, -184, 3, 145, -222]
9	7.3	[83, 214, 65, -105, 218]	[29, 208, -108, -100, -229]	[50, -46, -152, -220, -158]	[241, 96, -131, 242, -192]	[191, -29, -222, -176, -135]	[-208, -160, 139, 62, 207]	[-243, 65, 65, 222, -175]
10	8.7	[83, 96, 55, -105, 218]	[29, 208, 176, -31, 139]	[50, -46, -152, -226, -158]	[241, 96, -131, 242, -192]	[191, -29, -222, -176, -135]	[-208, -160, 139, 62, 207]	[-243, 65, 65, 222, -175]
11	7.7	[-72, -108, 106, -11, -152]	[-7, -111, -116, -216, 145]	[-156, -236, -76, 144, 20]	[-116, -113, -55, 239, 69]	[-169, -127, -57, -53, -166]	[168, -214, 163, -30, -96]	[175, -29, 210, 69, -222]
12	9.7	[83, 214, 65, -105, 218]	[29, 208, -108, -100, -229]	[50, -46, -152, -220, -158]	[241, 96, -131, 242, -192]	[191, -29, -222, -176, -135]	[-208, -160, 139, 62, 207]	[-243, 59, 97, -16, -54]
13	8.7	[83, 214, 65, -105, 218]	[29, 208, -108, -100, -229]	[50, -46, -152, -220, -158]	[241, 96, -131, 242, -192]	[191, -29, -222, -176, -135]	[-208, -160, 139, 62, 207]	[-243, 59, 97, -16, -54]
14	9.7	[83, 96, 125, -44, 128]	[29, 155, 179, -31, 139]	[-18, -7, -152, -226, -158]	[241, 96, 90, 242, -192]	[-157, -74, -222, -176, -135]	[-191, -157, -97, 65, 187]	[-243, 65, 65, 222, -175]
15	11.7	[83, 125, -52, -120, 158]	[-2, 208, -108, -100, -229]	[50, -46, -152, -172, -238]	[241, 96, -131, 242, -192]	[191, -29, -222, -176, -135]	[-208, -160, 139, 62, 207]	[-243, 59, 97, -16, -54]
16	9.7	[83, 125, -52, -120, 158]	[-2, 208, -108, -100, -229]	[50, -46, -152, -172, -238]	[241, 96, -131, 242, -192]	[191, -29, -222, -176, -135]	[-208, -160, 139, 62, 207]	[-243, 59, 97, -16, -54]
17	10.7	[83, 96, 71, -44, 128]	[29, 114, 179, -31, 139]	[-18, -13, -152, -226, -158]	[247, 96, -66, 242, -192]	[183, -46, -222, -176, -135]	[-191, -160, -74, 65, 187]	[-243, 65, 65, 222, -175]
18	10.7	[83, 96, 71, -44, 128]	[29, 114, 179, 4, 32]	[-18, -13, -152, -226, -158]	[247, 96, -66, 242, -192]	[183, -46, -222, -176, -135]	[-191, -160, -74, 65, 187]	[-243, 65, 65, 222, -175]
19	11.7	[217, 209, -141, -247, 246]	[172, -71, 24, 209, 205]	[-78, -123, -30, 168, 0]	[158, 123, -123, 94, -77]	[-212, 245, 71, 82, 16]	[-222, 204, -224, -34, -66]	[195, -132, -44, 210, 245]
20	10.0	[83, 96, 71, -44, 128]	[29, 114, 179, -31, 139]	[-18, -13, -152, -226, -158]	[247, 96, -66, 242, -192]	[183, -46, -222, -176, -135]	[-191, -160, -74, 65, 187]	[-243, 65, 65, 222, -175]
21	11.0	[83, 125, -52, -120, 158]	[-2, 208, -108, -100, -229]	[50, -46, -152, -172, -238]	[241, 96, -131, 242, -192]	[191, -29, -222, -176, -135]	[-208, -160, 139, 62, 207]	[-243, 59, 97, -16, -54]
22	10.3	[83, 96, 71, -44, 128]	[29, 114, 185, 4, 32]	[-18, -13, -146, -226, -158]	[247, 36, -92, 228, -192]	[183, -67, -222, -176, -135]	[-190, -156, 24, 31, 37]	[-241, -25, 65, 222, -175]
23	10.7	[83, 125, -52, -120, 158]	[-2, 208, -108, -100, -229]	[50, -46, -152, -172, -238]	[241, 96, -131, 242, -192]	[191, -29, -222, -176, -135]	[-208, -160, 139, 62, 207]	[-243, 59, 97, -16, -54]
24	11.0	[83, 96, 71, -44, 128]	[29, 114, 179, -31, 139]	[-18, -13, -152, -226, -158]	[247, 36, -66, 242, -192]	[83, 11, -222, 135, -135]	[-191, -160, -74, 65, 187]	[-243, 65, 65, 222, -175]
25	8.7	[-72, -108, 106, -11, -152]	[-7, -111, -116, -216, 145]	[-156, -236, -76, 144, 20]	[-116, -113, -55, 239, 69]	[-169, -127, -57, -53, -166]	[168, -214, -213, -31, -96]	[175, -40, 3, 193, -94]
26	10.7	[83, 125, -52, -120, 158]	[-2, 208, -108, -100, -229]	[50, -46, -152, -172, -238]	[241, 96, -131, 242, -192]	[191, -29, -222, -176, -135]	[-208, -160, 139, 62, 207]	[-243, 59, 97, -16, -54]
27	11.7	[83, 96, 71, -44, 128]	[29, 114, 185, 4, 32]	[-18, -13, -146, -226, -158]	[247, 36, -92, 228, -192]	[183, -67, -222, -176, -135]	[-196, -156, 24, 31, 37]	[-241, -25, 65, 222, -175]
28	13.0	[77, 96, 49, -105, 218]	[29, -37, 187, 62, 139]	[-141, -46, -152, -226, -158]	[241, 96, -131, 242, -192]	[191, -29, -222, -176, -141]	[-215, -159, -88, 15, 24]	[-133, -9, 48, 160, -175]
29	16.3	[77, 96, 49, -105, 218]	[29, -37, 187, 62, 139]	[-141, -46, -152, -226, -158]	[241, 96, -131, 242, -192]	[191, -29, -222, -176, -141]	[-215, -159, -88, 15, 24]	[-133, -9, 48, 160, -175]
30	11.7	[77, 96, 49, -105, 218]	[29, -37, 187, 62, 139]	[-141, -46, -152, -226, -158]	[241, 96, -131, 242, -192]	[191, -29, -222, -176, -141]	[-215, -159, -88, 15, 24]	[-133, -9, 48, 160, -175]
31	16.3	[77, 96, 49, -105, 218]	[29, -37, 187, 62, 139]	[-141, -46, -152, -226, -158]	[241, 96, -131, 242, -192]	[191, -29, -222, -176, -141]	[-215, -159, -88, 15, 24]	[-133, -9, 48, 160, -175]
32	13.7	[-72, -108, 82, -22, -152]	[-7, 73, 178, -5, 139]	[-156, -217, -131, -225, -120]	[156, 4, -69, 242, -188]	[-45, -104, -74, -109, -166]	[-71, -29, -221, -23, 27]	[175, -123, -23, 204, -97]
33	13.3	[77, 96, 49, -105, 218]	[29, -37, 187, 62, 139]	[-141, -46, -152, -226, -158]	[241, 96, -131, 242, -192]	[191, -29, -222, -176, -141]	[-215, -159, -88, 15, 24]	[-133, -9, 48, 160, -175]
34	14.7	[-72, -108, 106, -11, -152]	[-7, -73, 48, -26, 141]	[-89, -141, -96, -122, 11]	[175, -32, -67, 225, 69]	[-169, -124, 15, 5, -166]	[-92, -140, -221, -31, -96]	[175, 7, -22, 212, -146]
35	13.7	[-66, -108, 34, -193, -152]	[-7, -111, 146, -117, 145]	[-147, -53, -152, 34, 20]	[56, 51, -86, 239, 69]	[-179, -65, -56, -55, -166]	[11, -208, -213, -33, -96]	[157, 28, 44, 204, -94]
36	12.7	[-72, -108, 82, -22, -152]	[-7, 73, 178, -5, 139]	[-156, -217, -131, -225, -120]	[156, 4, -69, 242, -188]	[-45, -104, -74, -109, -166]	[-71, -29, -221, -23, 27]	[175, -123, -23, 204, -97]
37	14.7	[-72, -108, 106, -11, -152]	[-7, -73, 48, -26, 141]	[-89, -141, -96, -122, 11]	[175, -32, -67, 225, 69]	[-169, -124, 8, 12, -119]	[-92, -131, -153, -10, -96]	[175, 7, -22, 212, -146]
38	12.3	[71, 96, 49, -105, 218]	[29, -37, 187, 62, 139]	[-141, -46, -152, -226, -158]	[241, 99, -131, 242, -192]	[191, -29, -222, -176, -35]	[-202, -128, -174, -23, 18]	[60, -96, -30, 194, -175]
39	13.0	[-37, 4, 159, -105, 218]	[-1, -37, 187, 62, 139]	[-141, -3, -175, -226, -158]	[241, 27, -131, 242, -192]	[191, -6, -184, -176, -35]	[-202, -128, -174, -23, 18]	[60, -96, -30, 194, -175]
40	16.0	[-37, 4, 159, -105, 218]	[-1, -37, 187, 62, 139]	[-141, -24, -201, -217, -158]	[241, 27, -131, 242, -192]	[191, -6, -184, -176, -124]	[-202, -128, -66, -22, 18]	[60, -96, -30, 194, -175]
41	22.3	[-37, 4, 159, -105, 218]	[-1, -37, 187, 62, 139]	[-141, -3, -175, -226, -158]	[241, 27, -131, 242, -192]	[191, -6, -184, -176, -35]	[-202, -128, -174, -23, 18]	[60, -96, -30, 194, -175]
42	17.0	[71, 96, 49, -105, 218]	[29, -37, 187, 62, 139]	[-141, -46, -152, -226, -158]	[241, 99, -131, 242, -192]	[191, -29, -222, -176, -35]	[-202, -128, -174, -23, 18]	[60, -96, -30, 194, -175]
43	14.3	[-72, -108, 106, -11, -152]	[-7, -73, 48, -26, 141]	[-89, -141, -96, -122, 11]	[175, -32, -67, 225, 69]	[-169, -124, 8, 12, -119]	[-92, -131, -153, -10, -96]	[175, 7, -22, 212, -146]
44	17.7	[-37, 4, 159, -105, 218]	[-1, -37, 187, 62, 139]	[-141, -3, -175, -226, -158]	[241, 27, -131, 242, -192]	[191, -6, -184, -176, -35]	[-202, -128, -174, -23, 18]	[60, -96, -30, 194, -175]
45	15.0	[-70, -108, 106, -150, -152]	[-86, -77, 107, -26, 141]	[-89, -141, -96, -122, 11]	[175, -4, -76, 224, 31]	[-169, -124, -39, 5, -166]	[-92, -140, -221, -31, -96]	[175, 7, -53, 212, -146]
46	16.0	[-70, -108, 106, -150, -152]	[-86, -77, 107, -26, 141]	[-89, -141, -96, -122, 11]	[175, -4, -76, 224, 31]	[-169, -124, -39, 5, -166]	[-92, -140, -221, -31, -96]	[175, 7, -53, 212, -146]
47	14.0	[-37, 4, 159, -105, 218]	[-1, -37, 187, 62, 139]	[-141, -3, -175, -226, -158]	[241, 27, -131, 242, -192]	[191, -6, -184, -176, -35]	[-202, -128, -174, -23, 18]	[60, -96, -30, 194, -175]
48	15.7	[-37, 4, 159, -105, 218]	[-1, -37, 187, 62, 139]	[-141, -24, -201, -217, -158]	[241, 27, -131, 242, -192]	[191, -6, -184, -176, -124]	[-202, -128, -66, -22, 24]	[60, -96, -30, 194, -175]
49	14.3	[-72, -108, 106, -11, -152]	[-6, 114, -84, -76, 94]	[-89, -141, -96, -122, 11]	[175, -32, -67, 225, 69]	[-169, -124, 8, 12, -119]	[-92, -131, -153, -10, -96]	[175, 7, -22, 212, -146]
50	14.7	[-72, -108, 106, -11, -152]	[-7, -73, 48, -26, 141]	[-89, -141, -96, -122, 11]	[175, -32, -67, 225, 69]	[-169, -124, 21, 5, -166]	[-92, -140, -221, -31, -96]	[175, 7, -22, 212, -146]
51	17.3	[-37, 4, 159, -105, 218]	[-1, -73, 64, 45, 139]	[-141, -3, -175, -143, -158]	[188, 27, -131, 242, -192]	[191, -6, -184, -176, -35]	[-202, -128, -174, -23, 18]	[60, -96, -30, 194, -175]
52	15.3	[83, 96, 77, -44, 128]	[27, 119, 66, -36, -196]	[19, -45, -152, -226, -158]	[243, 74, -75, 241, -25]	[183, -46, -222, -171, -142]	[-191, -174, -163, 4, -42]	[-243, 65, 33, 219, -116]
53	13.3	[-37, 4, 159, -105, 218]	[-1, -37, 187, 62, 139]	[-141, -24, -201, -217, -158]	[241, 27, -131, 242, -192]	[191, -6, -184, -176, -124]	[-202, -128, -66, -22, 24]	[60, -96, -30, 194, -175]
54	16.3	[-37, 4, 106, -17, 218]	[-4, -73, 49, 25, 139]	[-141, -3, -129, -141, -158]	[188, 27, -131, 235, -192]	[191, -6, -184, -176, -35]	[-202, -128, -174, -23, 18]	[60, -96, -30, 194, -175]
55	17.7	[-37, 4, 106, -17, 218]	[-4, -73, 49, 25, 139]	[-141, -3, -129, -141, -158]	[188, 27, -131, 235, -192]	[191, -6, -184, -176, -35]	[-202, -128, -174, -23, 18]	[60, -96, -30, 194, -175]
56	14.7	[71, 96, 49, -105, 218]	[3, -52, 187, 62, 139]	[-141, -46, -141, -175, -158]	[241, 9, -103, 228, -112]	[191, -74, -22, -176, -35]	[-202, -137, -212, -26, 18]	[60, -96, -30, 201, -175]
57	16.0	[-72, -108, 106, -11, -152]	[-7, -73, 48, -26, 141]	[-89, -141, -96, -122, 11]	[175, -32, -67, 225, 69]	[-169, -124, 21, 5, -166]	[-92, -140, -221, -31, -96]	[175, 7, -22, 212, -146]
58	17.3	[71, 96, 49, -105, 218]	[3, -52, 187, 62, 139]	[-141, -46, -141, -175, -158]	[241, 9, -103, 228, -112]	[191, -74, -22, -176, -35]	[-202, -137, -212, -26, 18]	[60, -96, -30, 201, -175]
59	16.0	[-37, 4, 165, -105, 218]	[-1, -73, 64, 45, 139]	[-141, -3, -175, -143, -158]	[188, 27, -131, 242, -192]	[191, -6, -184, -176, -35]	[-202, -128, -174, -23, 18]	[155, -31, -23, 201, -175]
60	18.7	[-37, 4, 165, -105, 218]	[-1, -73, 64, 45, 139]	[-141, -3, -175, -143, -158]	[188, 27, -131, 242, -192]	[57, -6, -184, -176, -35]	[-202, -128, -174, -23, 18]	[155, -31, -23, 201, -175]
61	18.0	[-37, 4, 106, -17, 218]	[-4, -73, 49, 25, 139]	[-141, -3, -129, -141, -158]	[188, 27, -131, 237, -192]	[191, -6, -43, -176, -35]	[-202, -128, -174, -23, 27]	[103, -118, 0, 172, -156]
62	15.0	[-42, -9, 106, -17, 218]	[-4, -73, 49, 25, 139]	[-141, -3, -129, -141, -158]	[188, 27, -131, 235, -192]	[191, -6, -184, -176, -35]	[-202, -128, -174, -23, 18]	[60, -96, -30, 194, -175]
63	18.0	[-37, 4, 165, -105, 218]	[-1, -73, 64, 45, 139]	[-141, -3, -175, -143, -158]	[188, 27, -131, 242, -192]	[191, -6, -178, -176, -35]	[-202, -128, -174, -23, 18]	[155, -31, -23, 201, -175]
64	16.3	[-37, 4, 106, -17, 218]	[-4, -73, 49, 25, 139]	[-141, -3, -129, -141, -158]	[188, 27, -131, 237, -192]	[191, 0, -43, -176, -35]	[-202, -128, -174, -23, 27]	[109, -118, 0, 172, -156]
65	19.3	[-37, 4, 165, -105, 218]	[5, -73, 64, 45, 139]	[-141, -3, -175, -143, -158]	[188, 27, -131, 242, -192]	[191, -6, -178, -176, -35]	[-202, -128, -174, -23, 18]	[155, -31, -23, 201, -175]
66	16.7	[-37, 4, 106, -17, 218]	[-4, -73, 49, 25, 139]	[-141, -3, -129, -141, -158]	[188, 27, -131, 237, -192]	[191, 0, -43, -176, -35]	[-202, -128, -174, -23, 27]	[109, -118, 0, 172, -156]
67	20.3	[-37, 4, 106, -17, 218]	[-4, -73, 49, 25, 139]	[-141, -3, -129, -141, -158]	[188, 27, -131, 237, -192]	[191, 0, -43, -176, -35]	[-202, -128, -174, -23, 27]	[109, -118, 0, 172, -156]
68	16.3	[-37, 4, 106, -17, 218]	[-4, -73, 49, 25, 139]	[-141, -3, -129, -141, -158]	[188, 27, -131, 237, -192]	[191, 0, -43, -176, -35]	[-202, -128, -174, -23, 27]	[109, -118, 0, 172, -156]
69	17.3	[-37, 4, 165, -105, 218]	[-1, -73, 64, 45, 139]	[-141, -3, -181, -143, -158]	[188, 27, -131, 242, -192]	[57, -6, -184, -176, -35]	[-202, -128, -174, -23, 18]	[155, -31, -23, 201, -175]
70	17.7	[-72, -108, 89, -52, 180]	[-4, -73, -35, -85, 141]	[-89, -141, -106, -208, -83]	[169, 8, -67, 225, 69]	[-169, -124, 20, 5, -160]	[-92, -133, -172, -21, -96]	[175, 7, -22, 212, -146]
71	17.3	[-42, -9, 106, -17, 218]	[-4, -73, 49, -42, 138]	[-141, -3, -100, -130, -158]	[179, 27, -131, 235, -192]	[191, -6, -59, -176, -35]	[-202, -130, -154, -23, 18]	[60, -96, -30, 194, -175]
72	19.3	[-37, 4, 106, -17, 218]	[-4, -73, 49, 25, 139]	[-141, -3, -129, -141, -158]	[188, 27, -131, 237, -192]	[191, 0, -43, -176, -35]	[-202, -128, -174, -23, 27]	[109, -118, 0, 172, -156]
73	16.7	[-42, -9, 106, -17, 218]	[-4, -73, 49, -42, 138]	[-141, -3, -100, -130, -158]	[179, 27, -131, 235, -192]	[191, -6, -59, -176, -35]	[-202, -130, -154, -23, 18]	[60, -96, -30, 194, -175]
74	20.3	[-37, 4, 106, -17, 218]	[-4, -73, 49, 25, 139]	[-141, -3, -129, -141, -158]	[188, 27, -131, 237, -192]	[191, 0, -43, -176, -35]	[-202, -128, -174, -23, 27]	[109, -118, 0, 178, -156]
75	16.0	[-37, 4, 106, -17, 218]	[-4, -73, 49, 25, 139]	[-147, -3, -129, -141, -158]	[188, 27, -131, 237, -192]	[191, 0, -43, -176, -35]	[-202, -128, -174, -23, 27]	[109, -118, 0, 178, -156]
76	21.0	[-37, 4, 165, -105, 218]	[-1, -73, 64, 45, 139]	[-141, -3, -181, -143, -158]	[188, 27, -131, 242, -192]	[57, -6, -184, -176, -35]	[-202, -128, -174, -23, 18]	[155, -31, -23, 201, -175]
77	18.7	[-37, 4, 165, -105, 218]	[-1, -73, 64, 45, 139]	[-141, -3, -181, -143, -158]	[188, 27, -131, 242, -192]	[57, -6, -184, -176, -35]	[-202, -128, -174, -23, 18]	[155, -31, -23, 201, -175]
78	16.3	[-37, 4, 106, -17, 218]	[-4, -73, 49, 25, 139]	[-147, -3, -129, -141, -158]	[188, 27, -131, 237, -192]	[191, 0, -43, -176, -35]	[-202, -128, -174, -23, 27]	[109, -118, 0, 178, -156]
79	17.7	[-42, -9, 106, -17, 218]	[-4, -73, 49, -42, 138]	[-141, -3, -100, -130, -158]	[179, 27, -131, 235, -192]	[191, -6, -59, -176, -35]	[-202, -130, -154, -23, 18]	[60, -96, -30, 194, -175]
80	16.3	[-37, 4, 165, -105, 218]	[-1, -73, 64, 38, 141]	[-141, -61, -166, -158, -158]	[188, 26, -131, 242, -192]	[62, -18, -184, -176, -35]	[-202, -132, -176, -22, 18]	[155, -51, -23, 201, -175]
81	18.3	[-48, -6, 128, -100, 218]	[-5, -73, 83, 3, 139]	[-137, -17, -174, -134, -158]	[188, 27, -128, 237, -192]	[69, -50, -74, -176, -35]	[-202, -128, -174, -22, -16]	[153, -92, -23, 201, -175]
82	18.3	[-37, 4, 165, -105, 218]	[5, -73, 64, 45, 139]	[-141, -3, -175, -143, -158]	[188, 27, -131, 242, -192]	[191, -6, -178, -176, -35]	[-202, -128, -180, -23, 12]	[155, -31, -23, 201, -175]
83	14.0	[71, 96, 49, -105, 218]	[3, -58, 187, 62, 139]	[-141, -46, -141, -175, -158]	[241, 9, -103, 222, -112]	[191, -74, -22, -176, -35]	[-202, -137, -212, -26, 18]	[60, -96, -30, 207, -175]
84	16.7	[-43, -2, 159, -105, 218]	[-50, 60, 115, 62, 139]	[-113, -59, -151, -221, -158]	[241, -4, -130, 240, -134]	[187, -18, -188, -176, -35]	[-132, -139, -180, -12, -25]	[164, -52, -38, 196, -13]
85	17.7	[71, 20, 62, -105, 218]	[-2, -68, 83, 4, 139]	[-141, -46, -141, -156, -158]	[241, 9, -109, 225, -179]	[191, -57, -31, -176, -35]	[-202, -137, -212, -22, 18]	[60, -96, -30, 207, -175]
86	15.3	[71, 20, 62, -105, 218]	[-2, -68, 83, 4, 139]	[-141, -46, -141, -156, -158]	[241, 9, -109, 225, -179]	[191, -57, -31, -176, -35]	[-202, -137, -212, -22, 18]	[60, -96, -30, 207, -175]
87	20.7	[-42, -9, 106, -17, 218]	[-4, -70, 49, -42, 138]	[-141, -3, -100, -143, -158]	[179, 33, -130, 236, -192]	[191, -6, -59, -176, -35]	[-202, -130, -160, -23, 18]	[60, -96, -30, 201, -175]
88	19.3	[-42, -9, 106, -17, 218]	[-4, -70, 49, -42, 138]	[-141, -3, -100, -141, -158]	[179, 33, -125, 237, -192]	[191, -6, -59, -176, -35]	[-202, -129, -160, -23, 18]	[60, -41, -29, 191, -175]
89	17.7	[-42, -9, 106, -17, 218]	[-4, -73, 49, 25, 139]	[-141, -3, -129, -141, -158]	[188, 48, -74, 237, -192]	[191, -14, -54, -176, -35]	[-202, -133, -208, -24, 18]	[74, -63, -24, 185, -175]
90	17.7	[-42, -9, 106, -17, 218]	[-4, -70, 49, -42, 138]	[-141, -3, -100, -141, -158]	[179, 33, -125, 237, -192]	[191, -6, -59, -176, -35]	[-202, -129, -160, -23, 18]	[60, -41, -29, 191, -175]
91	16.0	[-37, 4, 165, -105, 218]	[5, -73, 64, 45, 139]	[-141, -9, -175, -143, -158]	[188, 27, -131, 242, -192]	[191, -6, -178, -176, -35]	[-202, -128, -180, -23, 12]	[155, -31, -23, 201, -175]
92	16.3	[-42, -9, 106, -17, 218]	[-4, -73, 49, 25, 139]	[-141, -3, -129, -141, -158]	[188, 48, -74, 237, -192]	[191, -14, -54, -176, -35]	[-202, -133, -208, -24, 18]	[74, -63, -24, 185, -175]
93	20.0	[-43, 4, 159, -105, 218]	[-2, 121, 187, 62, 139]	[-141, -20, -150, -225, -158]	[241, 27, -131, 242, -134]	[191, -18, -194, -176, -35]	[-138, -139, -144, -12, -25]	[60, -96, -32, 181, 52]
94	18.0	[-41, -2, 165, -105, 218]	[5, -14, 64, 45, 139]	[-141, -9, -163, -167, -158]	[188, 27, -131, 242, -192]	[191, -6, -178, -176, -35]	[-202, -128, -180, -23, 12]	[155, -31, -23, 201, -175]
95	20.0	[-42, -9, 106, -17, 218]	[-4, -73, 49, 25, 139]	[-141, -3, -129, -141, -158]	[188, 48, -123, 236, -192]	[191, -14, -54, -176, -35]	[-202, -133, -208, -24, 18]	[68, -82, -29, 191, -175]
96	21.0	[71, 20, 62, -105, 218]	[-2, -74, 83, 4, 139]	[-141, -46, -141, -156, -164]	[241, 9, -103, 225, -179]	[191, -57, -31, -176, -35]	[-202, -137, -212, -22, 18]	[60, -96, -30, 207, -175]
97	23.7	[-42, -9, 106, -17, 218]	[-4, -70, 49, 25, 139]	[-141, -3, -129, -141, -158]	[188, 48, -123, 236, -192]	[191, -14, -54, -176, -35]	[-202, -133, -208, -24, 18]	[68, -82, -29, 191, -175]
98	19.7	[71, 20, 62, -105, 218]	[-2, -74, 83, 4, 139]	[-141, -46, -141, -156, -164]	[241, 9, -103, 225, -179]	[191, -57, -31, -176, -35]	[-202, -137, -212, -22, 18]	[60, -96, -30, 207, -175]
99	19.7	[-42, -9, 106, -17, 218]	[-4, -73, 49, 25, 139]	[-141, -3, -129, -141, -158]	[188, 48, -123, 236, -192]	[191, -14, -54, -176, -35]	[-202, -133, -208, -24, 18]	[68, -82, -29, 191, -175]
100	18.7	[-42, -9, 106, -17, 218]	[-1, 26, 49, 25, 139]	[-141, -3, -135, -141, -158]	[188, 48, -123, 236, -192]	[191, -14, -54, -176, -35]	[-202, -133, -208, -24, 18]	[68, -82, -29, 166, -175]
101	20.7	[-37, 4, 165, -105, 218]	[-2, -50, 187, 62, 139]	[-141, -5, -166, -224, -133]	[241, 37, -103, 242, -170]	[191, -14, -188, -176, -148]	[-117, -139, -185, 9, -66]	[167, -10, -26, 215, 52]
102	19.7	[-41, -2, 165, -105, 218]	[-20, -14, 64, 45, 139]	[-141, -9, -163, -161, -158]	[188, 27, -131, 242, -192]	[191, -6, -178, -176, -35]	[-202, -128, -180, -23, 12]	[155, -31, -23, 201, -175]
103	23.3	[-42, -9, 106, -17, 218]	[-4, -70, 49, -42, 138]	[-141, -3, -123, -143, -158]	[179, 33, -130, 236, -192]	[216, -6, -59, -176, -35]	[-202, -130, -160, -23, 18]	[60, -96, -30, 201, -175]
104	22.3	[-42, -9, 106, -17, 218]	[-4, -73, 49, 25, 139]	[-141, -3, -129, -141, -183]	[194, 48, -123, 236, -192]	[191, -14, -54, -176, -41]	[-202, -133, -208, -24, 18]	[68, -82, -29, 191, -175]
105	19.0	[-42, -9, 106, -17, 218]	[-4, -73, 49, 25, 139]	[-141, -3, -129, -141, -183]	[194, 48, -123, 236, -192]	[191, -14, -54, -176, -41]	[-202, -133, -208, -24, 18]	[68, -82, -29, 191, -175]
106	20.0	[-42, -9, 106, -17, 218]	[-1, 26, 49, 25, 139]	[-141, -3, -135, -141, -158]	[188, 48, -123, 236, -192]	[191, -14, -54, -176, -35]	[-202, -133, -208, -22, 18]	[68, -63, -27, 173, -175]
107	19.7	[-42, -9, 106, -17, 218]	[-1, 26, 49, 25, 139]	[-141, -3, -135, -141, -158]	[188, 48, -123, 236, -192]	[191, -14, -54, -176, -35]	[-200, -138, -208, -24, 18]	[68, -78, -32, 166, -175]
108	18.0	[-42, -9, 106, -17, 212]	[-4, -70, 49, 25, 139]	[-138, -21, -135, -141, -158]	[188, 48, -124, 241, -192]	[136, -13, -132, -176, -35]	[-175, -136, -181, -15, 17]	[67, -92, -29, 196, -36]
109	19.3	[-42, -9, 106, -17, 218]	[-4, -70, 49, 25, 139]	[-138, -21, -129, -141, -158]	[188, 48, -124, 237, -192]	[190, -15, -54, -176, -35]	[-175, -136, -181, -15, 17]	[123, -52, -26, 196, -36]
110	19.3	[-42, -9, 106, -17, 218]	[-4, -70, 49, -42, 138]	[-141, -3, -123, -143, -158]	[179, 33, -130, 236, -192]	[87, -9, -59, -176, -29]	[-202, -130, -170, -23, 18]	[60, -74, -30, 201, -175]
111	20.3	[-42, -9, 106, -17, 218]	[-4, -70, 49, -42, 138]	[-141, -3, -123, -143, -158]	[179, 33, -130, 236, -192]	[216, -6, -59, -176, -29]	[-202, -130, -160, -23, 18]	[60, -96, -30, 201, -175]
112	19.3	[-42, -9, 106, -17, 218]	[-4, -70, 49, -42, 138]	[-141, -3, -123, -143, -158]	[179, 33, -130, 236, -192]	[87, -9, -59, -176, -29]	[-202, -130, -170, -23, 18]	[60, -74, -30, 201, -175]
113	21.3	[71, 20, 62, -105, 218]	[-2, -74, 66, 4, 139]	[-166, -8, -136, -155, -159]	[196, 24, -122, 227, -179]	[191, -27, -33, -176, -35]	[-202, -134, -210, -22, 18]	[62, -91, -29, 190, -175]
114	18.7	[-43, -2, 153, -105, 218]	[-50, -60, 57, 39, 139]	[-138, -26, -145, -157, -158]	[216, 20, -129, 240, -134]	[147, -18, -188, -176, -35]	[-175, -132, -180, -12, -25]	[164, -52, -25, 197, -28]
115	20.0	[-42, -9, 106, -17, 218]	[-4, -70, 49, -42, 138]	[-141, -3, -123, -143, -158]	[179, 33, -130, 236, -192]	[87, -9, -59, -176, -29]	[-202, -130, -170, -23, 18]	[60, -74, -30, 201, -175]
116	19.3	[-42, -9, 106, -17, 218]	[-4, -70, 49, -23, 138]	[-141, -5, -132, -148, -158]	[188, 34, -127, 241, -192]	[87, -9, -59, -176, -29]	[-202, -130, -170, -23, 18]	[60, -74, -30, 201, -175]
117	18.7	[-42, -15, 106, -17, 218]	[-1, 26, 49, 25, 139]	[-141, -3, -138, -156, -158]	[226, 36, -123, 242, -192]	[191, -14, -54, -176, -35]	[-202, -133, -208, -22, 18]	[68, -63, -27, 173, -175]
118	21.0	[-42, -9, 106, -17, 218]	[-4, -73, 49, 25, 139]	[-141, -3, -129, -147, -183]	[194, 48, -123, 236, -192]	[191, -14, -54, -176, -41]	[-202, -133, -208, -24, 12]	[62, -82, -29, 191, -175]
119	21.7	[-42, -15, 106, -17, 218]	[-1, 26, 49, 25, 139]	[-141, -3, -138, -156, -158]	[226, 36, -123, 242, -192]	[191, -14, -54, -176, -35]	[-202, -133, -208, -22, 18]	[68, -63, -27, 173, -175]
120	18.7	[3, 19, 62, -105, 218]	[-4, -71, 66, 4, 139]	[-140, -20, -127, -144, -158]	[196, 31, -123, 227, -179]	[198, -15, -44, -176, -35]	[-202, -130, -174, -20, 18]	[67, -92, -30, 194, -60]
121	22.3	[41, 20, 62, -105, 218]	[-2, -74, 66, 4, 139]	[-141, -12, -130, -148, -158]	[186, 31, -123, 233, -179]	[191, -15, -44, -176, -35]	[-202, -134, -170, -21, 18]	[69, -88, -33, 195, -57]
122	23.7	[-42, -9, 106, -17, 218]	[-4, -73, 49, 25, 139]	[-141, -3, -129, -147, -183]	[194, 48, -123, 236, -192]	[191, -14, -54, -176, -41]	[-202, -133, -208, -24, 12]	[62, -82, -29, 191, -175]
123	21.3	[-3, 19, 62, -105, 218]	[-4, -71, 66, 4, 139]	[-140, -20, -127, -144, -158]	[196, 31, -123, 227, -179]	[198, -15, -44, -176, -35]	[-202, -130, -174, -20, 18]	[67, -92, -30, 194, -60]
124	20.0	[-42, -9, 106, -17, 218]	[-2, -72, 49, 25, 139]	[-139, -25, -138, -149, -158]	[188, 48, -123, 242, -191]	[191, -14, -38, -176, -35]	[-181, -136, -181, -15, 17]	[123, -78, -27, 196, -36]
125	23.0	[-42, -2, 112, -17, 218]	[-2, 1, 71, 25, 139]	[-141, -3, -141, -141, -158]	[188, 48, -123, 236, -192]	[191, -14, -54, -176, -35]	[-197, -135, -208, -22, 18]	[68, -63, -27, 196, -175]
126	16.7	[12, 61, 51, -105, 218]	[9, -59, 160, 62, 139]	[-141, -57, -148, -160, -158]	[220, 17, -101, 240, -112]	[189, -25, -154, -176, -35]	[-202, -138, -184, -13, -25]	[60, -96, -37, 206, -175]
127	20.3	[41, 20, 62, -105, 218]	[-2, -74, 66, 4, 139]	[-141, -12, -130, -148, -158]	[186, 25, -123, 233, -173]	[191, -15, -44, -176, -35]	[-202, -134, -176, -21, 18]	[69, -88, -33, 195, -57]
128	18.7	[-42, -9, 106, -17, 218]	[-4, -73, 49, 25, 139]	[-141, -3, -129, -147, -169]	[185, 36, -123, 236, -192]	[189, -9, -56, -176, -41]	[-202, -133, -208, -24, 12]	[62, -82, -29, 191, -175]
129	21.0	[-42, -9, 106, -17, 218]	[-4, -73, 49, 25, 139]	[-141, -3, -129, -147, -169]	[185, 36, -123, 236, -192]	[189, -9, -56, -176, -41]	[-202, -133, -208, -24, 12]	[62, -82, -29, 191, -175]
130	21.0	[-42, -9, 106, -23, 218]	[-2, -72, 49, 25, 139]	[-139, -25, -138, -149, -158]	[188, 48, -123, 242, -191]	[191, -14, -38, -176, -35]	[-181, -136, -181, -15, 17]	[123, -78, -27, 196, -36]
131	18.3	[25, 61, 51, -105, 218]	[-1, -1, 145, 54, 139]	[-141, -53, -148, -165, -158]	[241, 15, -114, 240, -192]	[191, -17, -102, -176, -35]	[-202, -135, -195, -13, -25]	[107, -70, -37, 206, -175]
132	21.0	[-42, -9, 106, -17, 218]	[-4, -73, 49, 25, 139]	[-141, -3, -129, -147, -183]	[194, 48, -123, 236, -192]	[196, -14, -54, -176, -41]	[-202, -139, -208, -23, 12]	[62, -82, -29, 191, -175]
133	17.0	[25, 61, 51, -105, 218]	[-1, -1, 145, 54, 139]	[-141, -53, -148, -165, -158]	[241, 15, -114, 240, -192]	[191, -17, -102, -176, -35]	[-202, -135, -195, -13, -25]	[107, -70, -37, 206, -175]
134	24.0	[-3, 15, 147, -105, 218]	[-4, -71, 66, 26, 139]	[-140, -14, -131, -144, -158]	[196, 31, -123, 239, -179]	[198, -15, -44, -176, -35]	[-202, -130, -174, -20, 18]	[67, -92, -30, 194, -60]
135	23.7	[-42, -9, 106, -23, 218]	[-2, -72, 49, 25, 139]	[-139, -25, -138, -149, -158]	[188, 48, -123, 242, -191]	[191, -14, -38, -176, -35]	[-181, -136, -181, -15, 17]	[123, -78, -27, 196, -36]
136	21.7	[-42, -9, 106, -17, 218]	[-2, -39, 49, 25, 139]	[-141, -3, -136, -142, -166]	[188, 48, -123, 236, -192]	[197, -14, -54, -176, -35]	[-202, -136, -208, -22, 18]	[68, -63, -27, 173, -175]
137	19.7	[-42, -9, 106, -17, 218]	[-2, -72, 49, 25, 145]	[-138, -27, -129, -153, -158]	[188, 48, -124, 242, -192]	[195, -14, -53, -176, -38]	[-181, -139, -201, -17, 12]	[129, -85, -29, 192, -36]
138	23.7	[-42, -9, 106, -17, 218]	[-10, -70, 49, -42, 138]	[-141, -3, -123, -143, -158]	[179, 33, -130, 230, -192]	[216, -6, -58, -176, -29]	[-199, -131, -182, -23, 18]	[66, -92, -30, 201, -175]
139	23.3	[41, 20, 62, -105, 218]	[-2, -74, 66, 4, 139]	[-141, -12, -130, -148, -158]	[186, 25, -123, 233, -173]	[191, -15, -44, -176, -35]	[-202, -134, -176, -21, 18]	[69, -88, -33, 195, -57]
140	23.3	[-42, -9, 106, -17, 218]	[-2, -39, 49, 25, 139]	[-141, -3, -136, -142, -166]	[188, 48, -123, 236, -192]	[197, -14, -54, -176, -29]	[-202, -136, -208, -22, 18]	[68, -63, -27, 173, -175]
141	24.3	[-42, -2, 112, -17, 218]	[-2, 1, 65, 25, 139]	[-141, -3, -141, -141, -158]	[188, 48, -123, 236, -192]	[191, -13, -59, -176, -35]	[-191, -135, -192, -22, 18]	[68, -63, -27, 199, -175]
142	21.3	[-42, -9, 106, -17, 218]	[-4, -73, 49, 25, 139]	[-141, -3, -130, -149, -155]	[194, 48, -123, 236, -192]	[196, -14, -57, -176, -41]	[-202, -139, -196, -18, 12]	[62, -82, -29, 203, -175]
143	21.3	[-42, -9, 106, -17, 218]	[-4, -73, 49, 25, 139]	[-141, -3, -130, -149, -155]	[194, 48, -123, 236, -192]	[196, -14, -57, -176, -41]	[-202, -139, -196, -18, 12]	[62, -82, -29, 203, -175]
144	22.0	[-42, -9, 106, -17, 218]	[-2, -39, 49, 25, 139]	[-141, -3, -136, -142, -166]	[188, 48, -123, 236, -192]	[197, -14, -54, -176, -29]	[-202, -136, -208, -22, 18]	[68, -63, -27, 173, -175]
145	19.7	[-42, -9, 106, -17, 218]	[-4, -73, 49, 25, 139]	[-141, -3, -134, -143, -176]	[194, 48, -123, 236, -192]	[196, -14, -54, -176, -40]	[-202, -139, -208, -23, 12]	[93, -72, -29, 191, -175]
146	21.3	[-42, -9, 106, -17, 218]	[-4, -72, 63, 26, 139]	[-141, -5, -134, -144, -167]	[194, 38, -123, 236, -192]	[196, -14, -54, -176, -40]	[-202, -139, -208, -23, 12]	[93, -72, -29, 191, -175]
147	22.7	[-42, -9, 106, -17, 218]	[-10, -70, 49, -42, 138]	[-141, -3, -126, -146, -158]	[179, 38, -129, 230, -192]	[216, -10, -55, -176, -29]	[-199, -131, -182, -20, 12]	[95, -92, -36, 201, -175]
148	19.0	[-42, -9, 111, -17, 218]	[-2, -51, 57, 25, 139]	[-141, -3, -134, -144, -166]	[188, 46, -123, 236, -192]	[197, -14, -54, -176, -29]	[-202, -136, -208, -23, 18]	[68, -63, -27, 190, -175]
149	21.3	[-42, -9, 106, -17, 218]	[-4, -72, 63, 26, 139]	[-141, -5, -134, -144, -167]	[194, 38, -123, 236, -192]	[196, -14, -54, -176, -40]	[-202, -139, -208, -23, 12]	[93, -72, -29, 191, -175]
150	20.7	[-42, -9, 106, -17, 218]	[-4, -73, 49, 25, 139]	[-141, -3, -129, -147, -164]	[194, 48, -123, 236, -192]	[185, -14, -54, -176, -35]	[-200, -144, -208, -19, 8]	[62, -82, -35, 191, -175]
151	20.7	[-42, -9, 106, -17, 218]	[-4, -73, 49, 25, 139]	[-141, -3, -129, -147, -164]	[194, 48, -123, 236, -192]	[185, -14, -54, -176, -35]	[-200, -144, -208, -19, 8]	[62, -82, -35, 191, -175]
152	25.3	[-42, -9, 106, -17, 218]	[-4, -73, 49, 25, 139]	[-141, -3, -129, -147, -164]	[194, 54, -123, 236, -192]	[185, -14, -54, -176, -35]	[-200, -144, -208, -19, 8]	[62, -82, -35, 191, -175]
153	22.0	[-36, -9, 106, -17, 218]	[-4, -70, 49, -23, 138]	[-141, -5, -132, -142, -158]	[188, 34, -127, 241, -192]	[87, -10, -59, -176, -36]	[-202, -135, -203, -22, 24]	[60, -74, -30, 201, -169]
154	19.7	[-42, -9, 106, -17, 218]	[-2, -73, 49, 25, 139]	[-141, -3, -136, -142, -163]	[191, 48, -123, 236, -192]	[197, -14, -54, -176, -29]	[-202, -136, -208, -22, 18]	[68, -63, -27, 173, -175]
155	24.7	[-42, -9, 106, -17, 218]	[-4, -73, 49, 25, 139]	[-141, -4, -133, -143, -176]	[190, 43, -123, 236, -192]	[196, -14, -59, -176, -40]	[-202, -137, -188, -23, 12]	[72, -72, -30, 198, -175]
156	22.0	[-42, -9, 106, -17, 218]	[-4, -73, 49, 25, 139]	[-141, -3, -129, -147, -164]	[194, 54, -124, 240, -192]	[188, -14, -54, -176, -35]	[-200, -140, -205, -17, 8]	[62, -84, -35, 192, -144]
157	19.7	[-42, -9, 106, -17, 218]	[-4, -73, 49, 25, 139]	[-141, -3, -129, -147, -164]	[194, 49, -124, 236, -192]	[185, -14, -54, -176, -35]	[-186, -142, -206, -19, 8]	[100, -85, -33, 191, -175]
158	24.0	[-42, -9, 106, -17, 218]	[-2, -73, 49, 25, 139]	[-141, -3, -136, -142, -163]	[191, 48, -123, 236, -192]	[197, -14, -54, -176, -29]	[-202, -136, -208, -22, 18]	[68, -63, -27, 179, -175]
159	22.3	[-42, -2, 108, -17, 218]	[-2, 1, 65, 25, 139]	[-141, -3, -141, -141, -158]	[188, 48, -123, 236, -192]	[191, -13, -59, -176, -35]	[-191, -135, -192, -22, 18]	[68, -63, -27, 199, -175]
160	23.0	[-42, -9, 111, -17, 218]	[-2, -51, 57, 25, 139]	[-141, -3, -134, -144, -166]	[188, 46, -123, 236, -192]	[197, -14, -54, -176, -29]	[-202, -136, -208, -23, 18]	[68, -63, -27, 190, -175]
161	19.3	[-42, -9, 106, -17, 218]	[-2, -73, 49, 25, 139]	[-141, -3, -130, -142, -163]	[191, 48, -124, 236, -192]	[197, -14, -54, -176, -29]	[-202, -136, -208, -22, 18]	[68, -63, -27, 185, -169]
162	21.3	[41, 20, 62, -105, 218]	[-2, -74, 66, 4, 145]	[-141, -9, -129, -147, -158]	[189, 34, -121, 237, -174]	[191, -14, -60, -176, -35]	[-202, -136, -204, -19, 18]	[137, -82, -30, 189, -172]
163	20.3	[-42, -3, 106, -17, 218]	[-4, -72, 63, 26, 139]	[-141, -5, -134, -144, -167]	[194, 38, -123, 236, -192]	[196, -14, -54, -176, -40]	[-202, -139, -208, -23, 6]	[93, -72, -29, 191, -169]
164	22.7	[-42, -9, 106, -17, 218]	[-4, -73, 49, 25, 133]	[-141, -3, -128, -146, -164]	[194, 49, -127, 230, -192]	[185, -14, -54, -176, -35]	[-186, -142, -206, -19, 8]	[100, -85, -33, 191, -175]
165	22.0	[41, 20, 62, -105, 218]	[-2, -74, 66, 4, 145]	[-141, -9, -129, -147, -158]	[189, 34, -121, 237, -174]	[191, -14, -60, -176, -35]	[-202, -136, -204, -19, 18]	[137, -82, -30, 189, -178]
166	20.3	[-36, -9, 106, -17, 218]	[-4, -70, 49, -23, 138]	[-141, -5, -132, -142, -158]	[188, 34, -127, 241, -192]	[87, -4, -59, -176, -36]	[-202, -129, -203, -22, 24]	[60, -74, -30, 201, -169]
167	22.0	[-42, -9, 106, -23, 218]	[-2, -72, 55, 25, 139]	[-139, -25, -138, -149, -158]	[188, 42, -123, 242, -191]	[191, -14, -38, -176, -35]	[-181, -136, -181, -15, 17]	[123, -78, -27, 196, -36]
168	19.0	[-42, -9, 106, -17, 218]	[-4, -73, 49, 25, 139]	[-141, -8, -128, -146, -164]	[194, 49, -122, 231, -192]	[185, -14, -54, -176, -35]	[-186, -142, -206, -19, 8]	[100, -85, -33, 191, -175]
169	21.3	[-42, -9, 106, -17, 218]	[-4, -73, 49, 25, 139]	[-141, -4, -133, -143, -161]	[190, 43, -123, 236, -192]	[196, -17, -60, -176, -40]	[-196, -136, -189, -22, 12]	[72, -72, -30, 198, -175]
170	19.3	[41, 20, 62, -105, 218]	[-2, -74, 66, 4, 145]	[-141, -9, -129, -147, -152]	[190, 34, -122, 233, -173]	[147, -14, -54, -176, -35]	[-202, -134, -203, -16, 12]	[69, -88, -33, 192, -124]
171	22.0	[-32, -34, 128, -105, 218]	[-2, -74, 66, 4, 145]	[-141, -9, -129, -147, -158]	[189, 34, -122, 237, -173]	[191, -15, -56, -176, -35]	[-202, -136, -203, -20, 22]	[99, -86, -31, 193, -124]
172	23.0	[-42, -9, 106, -17, 218]	[-4, -73, 49, 25, 133]	[-141, -3, -128, -146, -164]	[194, 49, -127, 230, -192]	[185, -14, -54, -176, -35]	[-186, -142, -206, -19, 8]	[100, -85, -33, 191, -175]
173	20.7	[-42, -9, 106, -17, 212]	[-4, -73, 49, 25, 139]	[-141, -8, -128, -146, -164]	[194, 48, -127, 238, -186]	[184, -6, -59, -176, -35]	[-186, -142, -206, -22, 21]	[100, -85, -33, 191, -175]
174	24.3	[-42, -9, 106, -17, 212]	[-4, -73, 49, 25, 139]	[-141, -8, -128, -146, -164]	[194, 49, -122, 231, -192]	[185, -14, -54, -176, -35]	[-186, -142, -203, -20, 8]	[100, -78, -30, 191, -175]
175	21.7	[-32, -34, 128, -105, 218]	[-2, -74, 66, 4, 145]	[-141, -9, -129, -147, -158]	[189, 34, -122, 236, -186]	[191, -15, -57, -176, -35]	[-202, -136, -203, -20, 22]	[99, -81, -30, 195, -124]
176	23.3	[41, 20, 62, -105, 218]	[-2, -74, 66, 4, 145]	[-141, -9, -129, -147, -152]	[190, 42, -123, 235, -173]	[147, -14, -54, -176, -35]	[-202, -138, -203, -16, 12]	[122, -88, -32, 192, -130]
177	24.3	[-32, -34, 128, -105, 218]	[-2, -74, 66, 4, 145]	[-141, -9, -129, -147, -158]	[189, 34, -122, 236, -186]	[191, -15, -57, -176, -35]	[-202, -136, -203, -20, 22]	[99, -81, -30, 195, -124]
178	23.7	[-42, -9, 111, -17, 218]	[-2, -51, 57, 25, 139]	[-141, -3, -134, -144, -166]	[188, 46, -123, 236, -192]	[197, -14, -54, -176, -29]	[-202, -136, -207, -23, 18]	[68, -69, -35, 190, -175]
179	21.0	[-42, -9, 106, -17, 212]	[-4, -73, 43, 25, 139]	[-141, -8, -128, -146, -164]	[194, 49, -122, 231, -192]	[185, -14, -54, -176, -35]	[-186, -142, -203, -20, 8]	[100, -78, -30, 197, -175]
180	19.7	[41, 20, 62, -105, 218]	[-2, -74, 66, 4, 145]	[-141, -9, -138, -141, -158]	[188, 44, -123, 236, -188]	[191, -14, -60, -176, -35]	[-202, -140, -204, -19, 18]	[137, -65, -32, 190, -172]
181	20.0	[12, 12, 112, -23, 218]	[-3, -74, 52, 22, 145]	[-141, -10, -130, -146, -161]	[190, 39, -122, 236, -192]	[196, -14, -59, -176, -35]	[-196, -134, -189, -22, 12]	[72, -86, -30, 198, -175]
182	21.7	[12, 12, 112, -23, 218]	[-3, -74, 52, 22, 145]	[-141, -10, -130, -146, -161]	[190, 39, -122, 236, -192]	[196, -14, -59, -176, -35]	[-196, -134, -189, -22, 12]	[72, -86, -30, 198, -175]
183	20.7	[-42, -9, 106, -17, 218]	[-4, -73, 49, 25, 133]	[-141, -3, -128, -146, -164]	[194, 49, -127, 230, -192]	[185, -14, -54, -170, -35]	[-186, -142, -206, -19, 8]	[100, -85, -33, 191, -175]
184	22.0	[-32, -34, 128, -105, 218]	[-2, -74, 66, 4, 145]	[-141, -9, -129, -147, -158]	[189, 34, -122, 236, -186]	[191, -15, -57, -176, -35]	[-202, -136, -203, -20, 22]	[99, -81, -30, 195, -124]
185	21.3	[-42, -9, 111, -17, 218]	[-2, -51, 57, 25, 139]	[-141, -3, -134, -144, -166]	[188, 46, -123, 236, -192]	[197, -14, -54, -176, -29]	[-202, -136, -207, -23, 18]	[68, -69, -35, 190, -175]
186	26.0	[-42, -9, 111, -17, 218]	[-2, -51, 57, 25, 139]	[-141, -3, -134, -144, -166]	[188, 46, -123, 236, -192]	[197, -14, -60, -176, -29]	[-202, -136, -207, -23, 18]	[68, -69, -35, 190, -175]
187	23.3	[41, 20, 62, -105, 224]	[4, -68, 66, 4, 145]	[-141, -9, -131, -141, -158]	[188, 44, -123, 236, -188]	[191, -14, -60, -172, -35]	[-202, -136, -206, -22, 18]	[137, -79, -30, 189, -155]
188	25.0	[-42, -9, 106, -17, 212]	[2, -66, 49, 25, 139]	[-141, -5, -130, -146, -164]	[194, 49, -122, 231, -192]	[185, -14, -54, -176, -35]	[-192, -141, -202, -20, 8]	[100, -78, -30, 197, -175]
189	20.0	[41, 20, 62, -105, 218]	[-2, -74, 66, 4, 145]	[-141, -9, -138, -141, -158]	[188, 44, -123, 236, -188]	[191, -14, -60, -176, -35]	[-202, -140, -204, -19, 18]	[137, -65, -32, 190, -172]
190	21.7	[-38, -17, 113, -50, 212]	[-2, -73, 44, 12, 145]	[-141, -5, -129, -147, -162]	[191, 34, -122, 235, -190]	[191, -15, -57, -176, -29]	[-200, -138, -192, -20, 22]	[96, -83, -35, 195, -124]
191	17.7	[41, 20, 62, -105, 218]	[-2, -74, 66, 4, 145]	[-141, -9, -138, -141, -158]	[188, 44, -123, 236, -188]	[191, -14, -60, -176, -35]	[-202, -140, -204, -19, 18]	[137, -65, -32, 190, -172]
192	20.3	[-42, -8, 152, -103, 218]	[-2, -66, 49, 25, 139]	[-141, -3, -130, -143, -162]	[191, 44, -128, 231, -192]	[191, -9, -77, -176, -29]	[-195, -145, -207, -22, 18]	[83, -75, -33, 185, -169]
193	21.7	[-42, -8, 152, -103, 218]	[-2, -66, 49, 25, 139]	[-141, -3, -130, -143, -162]	[191, 44, -128, 231, -192]	[191, -9, -77, -176, -29]	[-195, -145, -207, -22, 18]	[83, -75, -33, 185, -169]
194	19.3	[41, 20, 62, -105, 218]	[-2, -74, 66, 10, 145]	[-141, -9, -129, -147, -152]	[190, 42, -123, 236, -173]	[147, -14, -54, -176, -35]	[-202, -138, -203, -22, 12]	[122, -88, -32, 192, -130]
195	21.7	[-32, -34, 128, -105, 218]	[-2, -74, 66, 4, 145]	[-141, -9, -129, -147, -158]	[189, 34, -122, 236, -186]	[191, -15, -57, -176, -35]	[-202, -136, -206, -20, 22]	[99, -81, -30, 189, -124]
196	23.3	[41, 20, 62, -105, 218]	[-2, -74, 66, 10, 145]	[-141, -9, -129, -147, -152]	[190, 42, -123, 236, -173]	[147, -14, -54, -176, -35]	[-202, -138, -203, -22, 12]	[122, -88, -32, 192, -130]
197	21.0	[41, 20, 62, -105, 218]	[-2, -74, 66, 10, 145]	[-141, -9, -129, -147, -152]	[190, 42, -123, 236, -173]	[147, -14, -54, -176, -35]	[-202, -138, -203, -22, 12]	[122, -88, -32, 192, -130]
198	22.0	[41, 20, 62, -105, 218]	[-2, -74, 66, 10, 145]	[-141, -9, -129, -147, -152]	[190, 42, -123, 235, -173]	[147, -14, -54, -176, -35]	[-202, -138, -204, -22, 12]	[130, -88, -32, 192, -151]
199	21.0	[41, 20, 62, -105, 218]	[-2, -74, 66, 10, 145]	[-141, -9, -129, -147, -152]	[190, 42, -123, 235, -173]	[147, -12, -54, -175, -35]	[-202, -139, -204, -22, 12]	[122, -87, -31, 192, -156]
