generation	fitness	corner	c	a1	a2	b	o	x
0	37.4	[-174, 235, -232, -204, -199]	[74, -60, 13, -191, -10]	[124, 167, -80, 104, -66]	[-236, 20, 132, 224, 123]	[-162, 55, 18, 150, 192]	[-39, 198, -244, 238, -44]	[-177, -122, 186, -102, 26]
1	40.2	[79, -78, -103, 7, 123]	[241, 0, 189, -204, 236]	[23, 165, 203, -61, -84]	[-165, 42, -25, -14, 228]	[125, 72, 171, 119, 243]	[163, 0, -62, 42, -152]	[26, 177, -146, 30, 183]
2	36.7	[79, -78, -103, 7, 123]	[241, 0, 189, -204, 236]	[23, 165, 203, -61, -84]	[-165, 42, -25, -14, 228]	[125, 72, 171, 119, 243]	[163, 0, -62, 42, -152]	[26, 177, -146, 30, 183]
3	38.2	[-174, 235, -232, -204, -199]	[74, -60, 13, -191, -10]	[124, 167, -80, 104, -66]	[-236, 20, 132, 224, 123]	[-162, 55, 18, 150, 192]	[-39, 198, -244, 238, -44]	[-177, -122, 186, -102, 26]
4	39.8	[-174, 235, -232, -204, -199]	[74, -60, 13, -191, -10]	[124, 167, -80, 104, -66]	[-236, 20, 132, 224, 123]	[-162, 55, 18, 150, 192]	[-39, 198, -244, 238, -44]	[-177, -122, 186, -102, 26]
5	50.3	[-174, 81, -208, -111, -95]	[40, -55, -172, -165, -17]	[124, 173, -39, 104, -66]	[174, -165, 132, 224, 123]	[25, 55, 18, 150, 192]	[-39, 198, -162, 238, -44]	[-181, -119, -229, -93, 121]
6	53.3	[-174, 81, -208, -111, -95]	[40, -55, -172, -165, -17]	[124, 173, -39, 104, -66]	[174, -165, 132, 224, 123]	[25, 55, 18, 150, 192]	[-39, 198, -162, 238, -44]	[-181, -119, -229, -93, 121]
7	51.0	[-174, 81, -208, -111, -95]	[40, -55, -172, -165, -17]	[124, 173, -39, 104, -66]	[174, -165, 132, 224, 123]	[25, 55, 18, 150, 192]	[-39, 198, -162, 238, -44]	[-181, -119, -229, -93, 121]
8	51.8	[-174, 81, -208, -111, -95]	[40, -55, -172, -165, -17]	[124, 173, -39, 104, -66]	[174, -165, 132, 224, 123]	[25, 55, 18, 150, 192]	[-39, 198, -162, 238, -44]	[-181, -119, -229, -93, 121]
9	55.0	[-174, 81, -208, -111, -95]	[40, -55, -172, -165, -17]	[124, 173, -39, 104, -66]	[174, -165, 132, 224, 123]	[25, 55, 18, 150, 192]	[-39, 198, -162, 238, -44]	[-181, -119, -229, -93, 121]
10	49.8	[95, -214, 70, 6, 116]	[-4, 93, -20, -184, 223]	[4, 166, 75, 13, 203]	[90, 162, 249, 26, 141]	[206, 154, 130, 77, -136]	[35, -20, -116, -51, -51]	[73, -200, -118, -52, 12]
11	50.0	[-174, 81, -208, -111, -95]	[40, -55, -172, -165, -17]	[124, 173, -39, 104, -66]	[174, -165, 132, 224, 123]	[25, 55, 18, 150, 192]	[-39, 198, -162, 238, -44]	[-181, -119, -229, -93, 121]
12	53.0	[-174, 81, -208, -111, -95]	[40, -55, -172, -165, -17]	[124, 173, -39, 104, -66]	[174, -165, 132, 224, 123]	[25, 55, 18, 150, 192]	[-39, 198, -162, 238, -44]	[-181, -119, -229, -93, 121]
13	51.8	[-174, 81, -208, -111, -95]	[40, -55, -172, -165, -17]	[124, 173, -39, 104, -66]	[174, -171, 132, 224, 123]	[25, 55, 18, 150, 192]	[-39, 198, -162, 238, -44]	[-181, -119, -229, -93, 121]
14	56.5	[-174, 81, -208, -111, -95]	[40, -55, -172, -175, 106]	[124, 173, 65, -34, -66]	[174, -171, 210, 106, 147]	[25, 55, 18, 150, 215]	[-39, 198, -162, 238, -44]	[-181, -119, -229, -93, 121]
15	56.5	[-174, 81, -208, -111, -95]	[40, -9, -71, -177, 233]	[124, 173, -39, 104, -66]	[174, -171, 132, 224, 123]	[25, 55, 18, 150, 192]	[-39, 198, -162, 238, -44]	[-181, -119, -229, -93, 121]
16	58.7	[-174, 81, -208, -111, -95]	[40, -55, -172, -175, 106]	[124, 173, 65, -34, -66]	[174, -171, 210, 106, 147]	[25, 55, 18, 150, 215]	[-39, 198, -162, 238, -44]	[-181, -119, -229, -93, 121]
17	58.0	[-174, 81, -208, -111, -95]	[40, -55, -172, -175, 106]	[124, 173, 65, -34, -66]	[174, -171, 210, 106, 147]	[25, 55, 18, 150, 215]	[-39, 198, -162, 238, -44]	[-181, -119, -229, -93, 121]
18	57.1	[-174, 81, -208, -111, -95]	[40, -55, -172, -175, 106]	[124, 173, 65, -34, -66]	[174, -171, 210, 106, 147]	[25, 55, 18, 150, 215]	[-39, 198, -162, 238, -44]	[-181, -119, -229, -93, 121]
19	57.2	[-174, 81, -208, -111, -95]	[40, -9, -71, -177, 233]	[124, 173, -39, 104, -66]	[174, -171, 132, 224, 123]	[25, 55, 18, 150, 192]	[-39, 198, -162, 238, -44]	[-181, -119, -229, -93, 121]
20	59.2	[-174, 81, -208, -111, -95]	[40, -55, -172, -175, 106]	[124, 173, 65, -34, -66]	[174, -171, 210, 106, 147]	[25, 55, 18, 150, 215]	[-39, 198, -162, 238, -44]	[-181, -119, -223, -93, 121]
21	60.1	[-174, 81, -208, -111, -95]	[40, -9, -71, -177, 233]	[124, 173, -39, 104, -66]	[174, -171, 132, 224, 123]	[25, 55, 18, 150, 192]	[-39, 198, -162, 238, -44]	[-181, -119, -229, -93, 121]
22	57.6	[-174, 81, -208, -111, -95]	[40, -55, -172, -175, 106]	[124, 173, 65, -34, -66]	[174, -171, 197, 106, 147]	[25, 55, 18, 150, 215]	[-39, 198, -162, 238, -44]	[-181, -119, -223, -93, 121]
23	57.3	[-174, 81, -208, -111, -95]	[40, -9, -71, -177, 233]	[124, 173, -39, 104, -66]	[174, -171, 132, 224, 123]	[25, 55, 18, 150, 192]	[-39, 198, -162, 238, -44]	[-181, -119, -229, -87, 121]
24	61.2	[-174, 81, -208, -15, -95]	[40, -55, -172, 52, 107]	[116, 173, 108, -206, -106]	[173, -72, 118, 195, 134]	[89, 34, 9, 150, 215]	[42, 152, 57, -20, -44]	[-181, -119, -223, -93, 121]
25	65.0	[-174, 81, -208, -15, -95]	[40, -46, -109, -140, 68]	[116, 167, -22, -207, -106]	[176, 163, 157, 190, 134]	[89, 34, 9, 150, 215]	[42, 152, 57, -20, -44]	[-181, -119, -223, -93, 121]
26	63.5	[-174, 185, -84, -193, -95]	[176, -28, -128, 52, 107]	[116, 173, 108, -211, -159]	[173, -72, 132, 195, 134]	[89, 34, 9, 150, 215]	[42, 152, 57, -20, -44]	[-181, -119, -223, -93, 121]
27	61.8	[-174, 185, -84, -193, -95]	[176, -28, -128, 52, 107]	[116, 173, 108, -211, -159]	[173, -72, 132, 195, 134]	[89, 34, 9, 150, 215]	[42, 152, 57, -20, -44]	[-181, -119, -223, -93, 121]
28	62.2	[-174, 185, -84, -193, -95]	[176, -28, -128, 52, 107]	[116, 173, 108, -211, -159]	[173, -72, 132, 195, 134]	[89, 34, 9, 150, 215]	[42, 152, 57, -20, -44]	[-181, -119, -223, -93, 121]
29	62.9	[-174, 185, -84, -193, -95]	[176, -28, -134, 52, 107]	[116, 173, 108, -211, -159]	[173, -72, 132, 195, 134]	[89, 34, 9, 150, 215]	[42, 152, 57, -20, -44]	[-181, -119, -223, -93, 121]
30	63.1	[-174, 81, -208, -15, -95]	[40, -46, -109, -140, 68]	[116, 167, -22, -207, -106]	[176, 163, 157, 190, 134]	[89, 34, 9, 150, 215]	[42, 152, 57, -20, -44]	[-181, -119, -223, -93, 121]
31	64.7	[-174, 185, -84, -193, -95]	[176, -28, -29, 52, 107]	[116, 169, 107, -48, -73]	[173, -72, 132, 195, 134]	[89, 34, 9, 150, 215]	[42, 152, 57, -20, -44]	[-181, -119, -223, -93, 121]
32	59.8	[-174, 81, -208, -15, -95]	[40, -46, -109, -140, 68]	[116, 167, -22, -207, -106]	[176, 163, 157, 190, 134]	[89, 34, 9, 150, 215]	[42, 152, 57, -20, -44]	[-181, -119, -223, -93, 121]
33	63.8	[-174, 185, -84, -193, -95]	[176, -28, -29, 52, 107]	[116, 169, 107, -48, -73]	[173, -72, 132, 195, 134]	[89, 34, 9, 150, 215]	[42, 152, 57, -20, -44]	[-181, -119, -223, -93, 121]
34	61.3	[-174, 81, -208, -111, -95]	[40, -55, -172, -175, 106]	[124, 173, 65, -34, -66]	[174, -171, 197, 106, 147]	[25, 55, 18, 150, 215]	[-39, 198, -162, 244, -44]	[-181, -119, -223, -87, 121]
35	64.4	[-174, 185, -84, -193, -95]	[176, -28, -29, 52, 107]	[116, 169, 107, -48, -73]	[173, -72, 132, 195, 134]	[89, 34, 9, 150, 215]	[42, 152, 57, -20, -44]	[-181, -119, -223, -93, 121]
36	62.9	[-174, 185, -84, -193, -95]	[18, -6, 59, 52, 107]	[116, 173, 107, -211, -159]	[167, -72, 132, 225, 134]	[89, 34, 0, 114, 145]	[96, 117, 34, -8, -44]	[-181, -119, -223, -93, 121]
37	60.6	[-174, 185, -84, -193, -95]	[176, -28, -29, 52, 107]	[116, 169, 107, -48, -73]	[173, -72, 132, 195, 134]	[89, 34, 9, 150, 215]	[42, 152, 57, -20, -44]	[-181, -119, -223, -93, 121]
38	65.9	[-174, 185, -84, -193, -95]	[18, -6, 59, 52, 107]	[116, 173, 107, -211, -159]	[167, -72, 132, 225, 134]	[89, 34, 0, 114, 145]	[96, 117, 34, -8, -44]	[-181, -119, -223, -93, 121]
39	62.6	[-174, 185, -84, -193, -95]	[176, -28, -29, 52, 107]	[116, 169, 107, -48, -73]	[173, -72, 132, 195, 134]	[89, 34, 9, 150, 215]	[42, 152, 57, -20, -44]	[-181, -119, -223, -93, 121]
40	63.8	[-174, 81, -208, -15, -95]	[40, -46, -109, -140, 68]	[116, 167, -22, -207, -106]	[176, 163, 157, 190, 134]	[89, 34, 9, 150, 215]	[42, 152, 57, -20, -44]	[-181, -119, -223, -93, 121]
41	64.1	[-174, 185, -84, -193, -95]	[176, -28, -29, 52, 107]	[116, 169, 107, -48, -73]	[173, -72, 132, 195, 134]	[89, 34, 9, 150, 215]	[42, 152, 57, -20, -44]	[-181, -119, -223, -93, 121]
42	64.3	[-174, 81, -208, -15, -95]	[40, -46, -109, -140, 68]	[116, 167, -22, -207, -106]	[176, 163, 157, 190, 134]	[89, 34, 9, 150, 215]	[42, 152, 51, -20, -44]	[-181, -119, -223, -93, 121]
43	63.8	[-174, 81, -208, -15, -95]	[40, -46, -109, -140, 68]	[116, 167, -22, -207, -106]	[176, 163, 157, 190, 134]	[89, 34, 9, 150, 215]	[42, 152, 51, -20, -44]	[-181, -119, -223, -93, 121]
44	64.7	[-174, 185, -84, -193, -95]	[176, -28, -29, 52, 107]	[116, 169, 107, -48, -73]	[173, -72, 132, 195, 134]	[89, 34, 9, 150, 215]	[42, 152, 57, -20, -44]	[-181, -119, -223, -93, 121]
45	61.4	[-174, 185, -84, -193, -95]	[176, -28, -29, 52, 107]	[116, 169, 107, -48, -73]	[173, -72, 132, 195, 134]	[89, 34, 9, 150, 215]	[42, 152, 57, -20, -44]	[-181, -119, -223, -93, 121]
46	63.7	[-174, 81, -208, -15, -95]	[40, -46, -109, -140, 68]	[116, 167, -22, -207, -106]	[176, 163, 157, 190, 140]	[89, 34, 9, 150, 215]	[42, 152, 51, -20, -44]	[-181, -119, -223, -93, 121]
47	64.7	[-174, 185, -84, -193, -95]	[176, -28, -29, 52, 107]	[116, 169, 107, -48, -73]	[173, -72, 132, 195, 134]	[89, 34, 9, 150, 215]	[42, 152, 57, -20, -44]	[-181, -119, -223, -93, 121]
48	64.4	[-174, 185, -84, -193, -95]	[176, -7, 10, -180, 147]	[116, 169, 107, -48, -138]	[173, -72, 178, 195, 134]	[89, 51, -56, 125, 83]	[42, 152, 57, -20, -44]	[-187, -119, -223, -93, 121]
49	62.3	[-174, 185, -84, -193, -95]	[176, -28, -29, 52, 107]	[122, 169, 107, -48, -73]	[173, -72, 132, 195, 134]	[89, 34, 9, 150, 215]	[42, 152, 57, -20, -44]	[-181, -119, -223, -93, 121]
50	66.0	[-174, 185, -84, -193, -95]	[176, -28, -29, 52, 107]	[122, 169, 107, -48, -73]	[173, -72, 132, 195, 134]	[89, 34, 9, 150, 215]	[42, 152, 57, -20, -44]	[-181, -119, -223, -93, 121]
51	64.9	[-174, 81, -208, -15, -95]	[40, -46, -109, -140, 68]	[116, 167, -22, -207, -106]	[176, 163, 157, 190, 140]	[89, 34, 9, 150, 215]	[42, 152, 51, -20, -44]	[-181, -119, -223, -93, 121]
52	64.0	[95, -214, 70, 6, 116]	[-20, 1, 13, -143, 223]	[15, 160, 74, -101, -159]	[140, 85, 192, 167, 127]	[206, 150, 25, 93, 102]	[39, 68, 5, -63, -44]	[73, -194, -118, -81, 65]
53	65.8	[-172, -165, -16, -167, 69]	[18, 0, 59, 52, 107]	[116, 173, 107, -211, -159]	[167, -72, 132, 225, 134]	[70, 54, 0, 114, 145]	[96, 117, 34, -5, -71]	[-181, -164, -219, -54, 74]
54	64.8	[-172, -165, -16, -167, 69]	[18, 6, 59, 52, 107]	[116, 173, 107, -211, -159]	[167, -72, 132, 225, 134]	[70, 54, 0, 114, 145]	[96, 117, 34, -5, -71]	[-181, -164, -219, -54, 74]
55	66.7	[-174, 185, -84, -193, -95]	[182, -28, -29, 52, 107]	[122, 169, 107, -48, -73]	[173, -72, 132, 195, 140]	[89, 34, 9, 150, 215]	[42, 152, 57, -20, -44]	[-181, -119, -223, -93, 121]
56	66.7	[-174, 185, -84, -193, -95]	[18, 0, 59, 52, 107]	[116, 173, 107, -211, -159]	[167, -72, 132, 225, 134]	[70, 54, 0, 114, 139]	[96, 117, 34, -5, -65]	[-181, -164, -225, -54, 74]
57	65.0	[-174, 185, -84, -193, -95]	[176, -7, 10, -180, 147]	[115, 190, 77, -11, -138]	[173, 66, 157, 59, 111]	[89, 51, -36, 125, 83]	[36, 152, 57, -26, -40]	[-187, -119, -223, -93, 121]
58	65.3	[-174, 185, -84, -193, -95]	[128, -28, 59, 52, 107]	[116, 171, 107, -192, -159]	[167, -72, 138, 213, 134]	[95, 44, 0, 114, 145]	[96, 117, 36, -8, -44]	[-175, -228, -229, -93, 121]
59	64.2	[-172, -165, -16, -167, 75]	[18, -12, 59, 52, 107]	[116, 173, 101, -194, -159]	[167, -72, 132, 225, 134]	[70, 54, 0, 114, 145]	[96, 117, 34, -5, -71]	[-181, -164, -219, -54, 74]
60	64.2	[-174, 185, -84, -193, -95]	[18, 0, 59, 52, 107]	[116, 173, 107, -211, -159]	[167, -72, 132, 225, 134]	[70, 54, 0, 114, 139]	[96, 117, 34, -5, -65]	[-181, -164, -225, -54, 74]
61	63.9	[-172, -165, -16, -167, 75]	[18, -12, 59, 52, 107]	[116, 173, 101, -194, -159]	[167, -72, 132, 225, 134]	[70, 54, 0, 114, 145]	[96, 117, 34, -5, -71]	[-181, -164, -219, -54, 74]
62	65.0	[-174, 185, -191, -160, -95]	[128, -28, 59, 52, 107]	[116, 172, 93, -125, -159]	[167, -72, 138, 213, 134]	[95, 44, 0, 120, 145]	[96, 117, 36, -8, -44]	[-175, -228, -229, -93, 121]
63	63.8	[-174, 185, -191, -160, -95]	[128, -28, 59, 52, 107]	[116, 172, 93, -125, -159]	[167, -72, 138, 213, 134]	[95, 44, 0, 120, 145]	[96, 117, 36, -8, -44]	[-175, -228, -229, -93, 121]
64	64.2	[-174, 185, -84, -193, -95]	[176, -7, 10, -174, 147]	[115, 190, 77, -11, -138]	[173, 66, 157, 59, 111]	[89, 51, -36, 125, 83]	[36, 152, 57, -26, -40]	[-187, -119, -223, -93, 121]
65	67.4	[-172, -165, -16, -167, 75]	[18, -12, 59, 52, 107]	[116, 173, 101, -194, -159]	[167, -72, 132, 225, 134]	[70, 54, 0, 114, 145]	[96, 117, 34, -5, -71]	[-181, -164, -219, -54, 74]
66	65.4	[-174, 185, -84, -193, -95]	[18, 0, 59, 52, 107]	[116, 173, 107, -211, -159]	[167, -72, 132, 225, 134]	[70, 54, 0, 114, 139]	[96, 117, 34, -5, -65]	[-181, -164, -225, -54, 74]
67	66.0	[-174, 185, -84, -193, -95]	[89, -43, 41, -157, 226]	[116, 179, 99, -192, -96]	[167, -72, 138, 213, 134]	[95, 44, 0, 120, 145]	[96, 117, 36, -8, -44]	[-175, -228, -229, -93, 121]
68	65.9	[-172, -165, -16, -167, 75]	[18, -12, 59, 52, 107]	[116, 173, 101, -194, -159]	[167, -72, 132, 225, 134]	[70, 54, 0, 114, 145]	[96, 117, 34, -5, -71]	[-181, -164, -219, -54, 74]
69	65.6	[95, -214, 70, 6, 116]	[-20, 1, 13, -143, 223]	[15, 160, 74, -101, -159]	[140, 85, 192, 167, 127]	[206, 150, 25, 87, 102]	[39, 68, 5, -63, -44]	[73, -194, -118, -81, 65]
70	66.8	[-174, 61, -93, -164, -95]	[182, 28, -13, -11, 107]	[123, 169, 79, 78, -115]	[157, -69, 149, 195, 140]	[89, 34, 9, 150, 215]	[32, 166, 57, -20, -44]	[-181, -119, -223, -93, 121]
71	65.5	[-174, 81, -208, -15, -95]	[40, -46, -109, -140, 68]	[116, 167, -22, -207, -106]	[176, 163, 157, 190, 140]	[89, 34, 9, 156, 215]	[42, 152, 51, -20, -44]	[-181, -119, -223, -93, 121]
72	64.6	[-174, 61, -93, -164, -95]	[182, 28, -13, -11, 107]	[123, 169, 79, 78, -115]	[157, -69, 149, 195, 140]	[89, 34, 9, 150, 215]	[32, 166, 57, -20, -44]	[-181, -119, -223, -93, 121]
73	66.1	[-174, 185, -84, -193, -95]	[18, 0, 59, 52, 107]	[116, 173, 107, -211, -159]	[167, -72, 132, 225, 134]	[70, 54, 0, 114, 139]	[96, 117, 34, -5, -65]	[-181, -164, -219, -54, 74]
74	68.0	[-174, 185, -84, -193, -95]	[163, -18, -2, -88, 226]	[116, 179, 99, 1, -96]	[167, -74, 141, 208, 134]	[95, 36, 5, 137, 182]	[96, 150, 36, -8, -44]	[-175, -228, -229, -93, 121]
75	65.6	[-172, -165, -16, -173, 75]	[18, -12, 59, 52, 107]	[116, 173, 101, -194, -159]	[167, -72, 132, 225, 134]	[70, 54, 0, 114, 145]	[96, 117, 34, -5, -71]	[-181, -164, -219, -54, 74]
76	66.4	[-174, 185, -84, -193, -95]	[163, -18, -2, -88, 226]	[116, 179, 99, 1, -96]	[167, -74, 141, 208, 134]	[95, 36, 5, 80, 134]	[96, 150, 43, 9, -44]	[-175, -228, -229, -93, 121]
77	68.5	[-174, 185, -84, -193, -95]	[163, -18, -2, -88, 226]	[116, 179, 99, 1, -96]	[167, -74, 141, 208, 134]	[95, 36, 5, 80, 134]	[96, 150, 43, 9, -44]	[-175, -228, -229, -93, 121]
78	65.2	[-174, 185, -92, -193, -95]	[163, -18, -2, -158, 183]	[116, 179, 99, 1, -96]	[167, -74, 141, 208, 134]	[95, 36, 5, 137, 182]	[96, 150, 36, -8, -44]	[-175, -228, -229, -93, 121]
79	65.7	[-174, 185, -172, -170, -95]	[172, 59, -67, -174, 147]	[115, 153, 66, -24, -138]	[173, 66, 151, 156, 106]	[62, 61, -12, 131, 83]	[36, 152, 57, -26, -40]	[-187, -119, -223, -93, 121]
80	69.0	[-174, 185, -84, -193, -95]	[163, -18, -2, -88, 226]	[116, 179, 99, 1, -96]	[167, -74, 141, 208, 134]	[95, 36, 5, 80, 134]	[96, 150, 43, 9, -44]	[-175, -228, -229, -93, 121]
81	67.6	[-174, 185, -84, -193, -95]	[176, 70, -47, -180, 147]	[116, 159, 33, -23, -127]	[173, 49, 148, 216, 103]	[89, 49, 0, 102, 138]	[58, 119, 57, -26, -41]	[-187, -119, -223, -93, 121]
82	67.7	[-174, 185, -84, -193, -95]	[163, -18, -2, -88, 226]	[116, 179, 99, 1, -96]	[167, -74, 141, 208, 134]	[95, 36, 5, 80, 134]	[90, 150, 43, 9, -44]	[-175, -228, -229, -93, 121]
83	67.6	[-174, 185, -84, -193, -95]	[176, 70, -47, -180, 147]	[116, 159, 33, -23, -113]	[173, -42, 148, 216, 103]	[89, 49, 1, 99, 138]	[94, 142, 52, -26, -41]	[-187, -119, -223, -93, 121]
84	65.9	[-174, 61, -93, -164, -95]	[176, 28, -19, -11, 107]	[123, 169, 79, 78, -115]	[157, -69, 149, 195, 140]	[89, 34, 9, 150, 215]	[32, 166, 57, -20, -44]	[-181, -119, -223, -93, 121]
85	67.1	[-174, 185, -84, -193, -95]	[176, 70, -47, -180, 147]	[116, 159, 33, -23, -113]	[173, -42, 148, 216, 103]	[89, 49, 1, 99, 138]	[94, 142, 52, -26, -41]	[-187, -119, -223, -93, 121]
86	70.2	[-174, 191, -84, -193, -95]	[176, 70, -47, -180, 147]	[116, 159, 33, -23, -113]	[173, -42, 148, 216, 103]	[89, 49, 1, 99, 138]	[94, 142, 52, -26, -41]	[-187, -119, -223, -93, 121]
87	67.4	[-174, 143, -135, -153, -97]	[62, -22, -34, -163, 109]	[116, 179, 96, -13, -96]	[167, -74, 148, 208, 134]	[50, 36, 14, 146, 202]	[87, 150, 36, -8, -44]	[-175, -181, -223, -88, 121]
88	70.2	[-174, 143, -135, -153, -97]	[62, -22, -34, -163, 109]	[116, 179, 96, -13, -96]	[167, -72, 141, 208, 134]	[50, 36, 14, 146, 202]	[87, 150, 36, -8, -44]	[-175, -181, -223, -88, 121]
89	67.7	[-174, 185, -84, -193, -95]	[170, -7, 10, -174, 147]	[116, 185, 83, -10, -138]	[172, 60, 157, 156, 117]	[89, 61, 6, 88, 121]	[94, 152, 57, -13, -40]	[-187, -119, -223, -93, 121]
90	70.0	[-174, 143, -135, -153, -97]	[62, -22, -34, -163, 109]	[116, 179, 96, -13, -96]	[167, -72, 141, 208, 134]	[50, 36, 14, 146, 202]	[87, 150, 36, -8, -44]	[-175, -181, -223, -88, 121]
91	68.8	[-174, 143, -135, -153, -97]	[62, -22, -34, -163, 109]	[116, 179, 96, -13, -96]	[167, -72, 141, 208, 134]	[50, 36, 14, 146, 202]	[87, 150, 36, -8, -44]	[-175, -181, -223, -88, 121]
92	66.9	[-174, 185, -84, -187, -95]	[18, 0, 59, 52, 107]	[116, 173, 107, -211, -159]	[167, -72, 138, 225, 134]	[70, 54, 0, 114, 145]	[96, 117, 34, -5, -65]	[-181, -164, -219, -54, 74]
93	67.6	[-174, 185, -84, -193, -95]	[170, -7, 10, -174, 147]	[116, 185, 83, -10, -138]	[172, 60, 157, 156, 117]	[89, 61, 6, 88, 121]	[94, 152, 57, -13, -40]	[-187, -119, -223, -93, 121]
94	68.6	[-174, 143, -135, -153, -97]	[62, -22, -34, -163, 109]	[116, 179, 96, -13, -102]	[167, -72, 141, 208, 134]	[50, 36, 14, 146, 202]	[87, 150, 36, -8, -44]	[-175, -181, -223, -88, 121]
95	70.0	[-174, 143, -135, -153, -97]	[62, -22, -34, -163, 109]	[116, 179, 96, -13, -102]	[167, -72, 141, 208, 134]	[50, 36, 14, 146, 202]	[87, 150, 36, -8, -44]	[-175, -181, -223, -88, 121]
96	67.5	[-174, 191, -84, -193, -95]	[176, 70, -41, -180, 147]	[116, 159, 33, -23, -113]	[173, -42, 148, 216, 103]	[89, 49, 1, 99, 138]	[94, 142, 52, -26, -41]	[-187, -119, -223, -93, 121]
97	70.2	[-174, 143, -135, -153, -97]	[62, -22, -40, -163, 109]	[116, 179, 96, -13, -102]	[167, -72, 141, 208, 134]	[50, 36, 14, 146, 202]	[87, 150, 36, -8, -44]	[-175, -181, -223, -88, 121]
98	69.3	[-174, 143, -135, -153, -97]	[83, -25, -34, -102, 109]	[116, 168, 100, -169, -117]	[167, -72, 141, 208, 134]	[50, 36, 14, 146, 202]	[87, 150, 36, -8, -44]	[-175, -181, -223, -88, 121]
99	66.9	[-168, 143, -135, -153, -97]	[62, -22, -40, -163, 109]	[116, 179, 96, -13, -102]	[167, -72, 141, 208, 134]	[50, 36, 14, 146, 202]	[87, 150, 36, -8, -44]	[-175, -181, -223, -88, 121]
100	67.2	[-174, 179, -92, -193, -101]	[163, -18, -2, -158, 183]	[116, 179, 124, 1, -96]	[167, -74, 141, 208, 134]	[95, 36, 5, 137, 182]	[90, 150, 36, -8, -44]	[-175, -228, -229, -93, 121]
101	69.3	[-174, 185, -74, -189, -45]	[124, -16, -53, -88, 226]	[116, 181, 99, -27, -137]	[173, -74, 167, 193, 130]	[95, 36, 5, 88, 134]	[90, 150, 43, 9, -44]	[-175, -228, -229, -87, 121]
102	70.7	[-174, 185, -74, -189, -45]	[124, -16, -53, -88, 226]	[116, 181, 99, -27, -137]	[173, -74, 167, 193, 130]	[95, 36, 5, 88, 134]	[90, 150, 43, 9, -44]	[-175, -228, -229, -87, 121]
103	68.3	[-174, 40, -71, -57, -93]	[40, 59, -21, -101, 68]	[117, 167, 24, 45, -106]	[119, -45, 219, 161, 93]	[48, 54, 9, 95, 215]	[105, 142, 41, -22, -46]	[-181, -113, -223, -99, 121]
104	67.1	[-174, 40, -71, -57, -93]	[40, 59, -21, -101, 68]	[117, 167, 24, 45, -106]	[119, -45, 219, 161, 93]	[48, 54, 9, 95, 215]	[105, 142, 41, -22, -46]	[-181, -113, -223, -99, 121]
105	69.5	[-174, 185, -84, -193, -95]	[170, -7, 10, -174, 147]	[116, 185, 108, -10, -138]	[172, 60, 157, 156, 117]	[89, 61, 6, 88, 115]	[94, 152, 57, -13, -40]	[-187, -119, -223, -87, 121]
106	71.2	[-174, 143, -135, -153, -97]	[108, -16, -47, -90, 140]	[116, 168, 100, -175, -116]	[167, -72, 139, 208, 134]	[50, 38, 14, 137, 202]	[87, 150, 36, -8, -44]	[-175, -181, -223, -88, 121]
107	68.5	[-172, 101, -135, -153, -97]	[83, -25, -19, 0, 109]	[116, 164, 71, -161, -149]	[167, -72, 141, 208, 134]	[50, 36, 14, 146, 202]	[87, 150, 11, -8, -44]	[-175, -181, -223, -88, 127]
108	68.0	[-168, 143, -135, -153, -97]	[62, -22, -40, -163, 109]	[116, 179, 96, -13, -102]	[167, -72, 135, 208, 134]	[50, 36, 14, 146, 202]	[87, 150, 36, -8, -69]	[-175, -181, -223, -88, 121]
109	68.2	[-174, 185, -62, -180, -45]	[124, -15, -52, -88, 226]	[116, 179, 99, -27, -137]	[173, -74, 141, 208, 134]	[54, 40, 8, 126, 191]	[90, 137, 40, 9, -44]	[-175, -200, -227, -87, 121]
110	69.8	[-172, 101, -135, -153, -97]	[83, -25, -19, 0, 109]	[116, 158, 71, -161, -149]	[167, -72, 141, 208, 134]	[50, 36, 14, 146, 202]	[87, 150, 11, -8, -44]	[-175, -181, -223, -88, 127]
111	68.3	[-174, 185, -84, -193, -95]	[170, -7, 10, -174, 147]	[116, 185, 108, -10, -138]	[172, 60, 157, 156, 117]	[89, 61, 6, 88, 115]	[94, 152, 57, -13, -40]	[-187, -119, -223, -87, 121]
112	70.2	[-174, 61, -93, -164, -95]	[155, -15, -66, -132, 96]	[118, 169, 79, 78, -115]	[171, -67, 154, 204, 140]	[95, 34, 9, 148, 215]	[82, 158, 44, -22, -44]	[-180, -217, -228, -93, 121]
113	71.5	[-174, 143, -135, -153, -97]	[108, -16, -47, -90, 140]	[116, 168, 100, -175, -116]	[167, -72, 139, 208, 134]	[50, 38, 14, 135, 202]	[87, 150, 36, -8, -44]	[-175, -181, -223, -88, 121]
114	70.1	[-174, 191, -191, -160, -95]	[128, -28, 59, 50, 107]	[116, 171, 99, 37, -156]	[167, -75, 146, 210, 120]	[62, 55, 7, 102, 138]	[100, 133, 41, -8, -39]	[-187, -187, -225, -93, 121]
115	68.4	[-174, 185, -62, -180, -45]	[124, -15, -52, -88, 226]	[116, 179, 99, -27, -137]	[173, -74, 141, 208, 134]	[54, 40, 8, 126, 191]	[90, 137, 40, 9, -44]	[-175, -200, -227, -87, 121]
116	70.2	[-168, 143, -135, -153, -97]	[62, -22, -40, -163, 109]	[116, 179, 96, -13, -102]	[167, -72, 135, 208, 134]	[50, 36, 14, 146, 202]	[87, 149, 36, -8, -61]	[-175, -181, -223, -88, 121]
117	68.3	[-168, 78, -60, -119, -97]	[62, -22, -40, -25, 96]	[116, 179, 99, -11, -102]	[167, -61, 186, 192, 134]	[50, 36, 14, 117, 200]	[87, 107, 35, -19, -52]	[-175, -181, -223, -88, 121]
118	68.7	[-174, 185, -84, -193, -95]	[170, -7, 10, -174, 147]	[116, 185, 108, -10, -138]	[172, 60, 151, 156, 117]	[89, 61, 6, 88, 115]	[94, 152, 57, -13, -40]	[-187, -119, -223, -87, 121]
119	68.8	[-174, 185, -84, -193, -95]	[170, -7, 10, -174, 147]	[116, 185, 108, -10, -138]	[172, 60, 151, 156, 117]	[89, 61, 6, 88, 115]	[94, 152, 57, -13, -40]	[-187, -119, -223, -87, 121]
120	71.9	[-174, 152, -105, -170, -101]	[143, -18, -8, -159, 183]	[116, 179, 98, 1, -96]	[167, -72, 139, 208, 134]	[59, 36, 14, 139, 187]	[90, 150, 36, -8, -44]	[-175, -228, -229, -93, 121]
121	68.0	[-174, 185, -74, -189, -45]	[124, -16, -53, -88, 226]	[116, 181, 99, -27, -137]	[173, -74, 167, 193, 130]	[95, 36, 5, 88, 134]	[90, 150, 43, 9, -44]	[-175, -228, -235, -81, 121]
122	69.1	[-168, 143, -135, -35, -97]	[62, 44, -22, -21, 95]	[116, 179, 99, -12, -102]	[167, -72, 136, 208, 134]	[50, 36, 14, 146, 202]	[90, 140, 36, -8, -56]	[-175, -181, -228, -88, 121]
123	69.4	[-174, 143, -135, -153, -97]	[108, -16, -47, -90, 140]	[116, 168, 100, -175, -116]	[167, -72, 143, 208, 134]	[50, 38, 14, 137, 187]	[87, 150, 36, -8, -44]	[-175, -224, -225, -93, 121]
124	68.8	[-168, 143, -135, -153, -97]	[62, -22, -41, -76, 109]	[116, 179, 96, -13, -102]	[167, -72, 135, 208, 134]	[50, 36, 14, 146, 202]	[87, 149, 36, -8, -61]	[-175, -181, -223, -88, 121]
125	69.2	[-174, 185, -74, -189, -45]	[124, -16, -53, -88, 226]	[116, 181, 99, -27, -137]	[173, -74, 167, 193, 130]	[95, 36, 5, 88, 134]	[90, 150, 43, 9, -44]	[-175, -228, -235, -81, 121]
126	68.9	[-174, 152, -105, -170, -101]	[143, -18, -8, -159, 183]	[116, 167, 96, 1, -96]	[167, -72, 148, 204, 140]	[59, 36, 14, 139, 187]	[90, 150, 36, -8, -44]	[-175, -228, -229, -93, 121]
127	68.8	[-168, 152, -105, -170, -101]	[143, -18, -8, -159, 183]	[116, 167, 96, 1, -96]	[167, -72, 148, 204, 140]	[59, 36, 14, 139, 187]	[90, 150, 36, -8, -44]	[-175, -228, -229, -93, 121]
128	71.3	[-168, 128, -149, -149, -96]	[62, -40, -46, -163, 109]	[116, 173, 96, -13, -105]	[173, 85, 144, 203, 125]	[50, 30, 14, 146, 202]	[87, 150, 36, -8, -61]	[-175, -181, -223, -88, 127]
129	70.4	[-172, 101, -135, -153, -91]	[83, -25, -19, 0, 109]	[116, 158, 71, -161, -149]	[167, -72, 141, 208, 134]	[50, 36, 14, 146, 202]	[87, 150, 11, -8, -44]	[-175, -181, -223, -88, 127]
130	68.9	[-174, 152, -105, -170, -101]	[143, -18, -8, -159, 183]	[116, 169, 89, -55, -126]	[167, -72, 148, 204, 140]	[59, 36, 14, 139, 187]	[90, 150, 36, -8, -44]	[-169, -228, -229, -99, 121]
131	72.2	[-168, 128, -149, -149, -96]	[62, -40, -46, -163, 109]	[117, 171, 96, -26, -129]	[167, -7, 132, 205, 139]	[50, 35, 10, 146, 213]	[87, 149, 47, -11, -55]	[-175, -181, -223, -88, 121]
132	70.9	[-174, 143, -135, -153, -97]	[108, -16, -47, -90, 140]	[116, 168, 100, -175, -116]	[167, -72, 143, 208, 134]	[50, 38, 14, 137, 187]	[87, 150, 36, -8, -44]	[-175, -224, -225, -99, 121]
133	68.7	[-168, 128, -149, -149, -96]	[62, -40, -46, -163, 109]	[116, 173, 96, -13, -105]	[173, 85, 144, 203, 125]	[50, 30, 14, 146, 202]	[87, 150, 36, -8, -61]	[-175, -181, -223, -88, 127]
134	68.6	[-168, 128, -149, -149, -96]	[62, -40, -46, -163, 109]	[117, 171, 96, -26, -129]	[167, -7, 132, 205, 139]	[50, 35, 10, 152, 213]	[87, 149, 47, -11, -55]	[-175, -181, -223, -88, 121]
135	70.5	[-168, 130, -149, -149, -96]	[62, -35, -47, -159, 125]	[122, 169, 97, -156, -110]	[167, 21, 138, 192, 126]	[62, 38, 14, 143, 202]	[87, 149, 53, -15, -48]	[-176, -143, -223, -89, 121]
136	70.0	[-174, 185, -84, -193, -95]	[170, -7, 10, -174, 147]	[116, 185, 108, -10, -138]	[172, 60, 151, 156, 117]	[89, 61, 6, 121, 115]	[92, 151, 57, -13, -40]	[-187, -125, -223, -87, 121]
137	69.6	[-168, 128, -149, -149, -96]	[62, -40, -46, -163, 109]	[117, 171, 96, -26, -129]	[167, -7, 132, 205, 139]	[50, 35, 10, 152, 213]	[87, 149, 47, -11, -55]	[-175, -181, -223, -88, 121]
138	70.1	[-168, 128, -149, -149, -96]	[62, -40, -46, -163, 109]	[117, 171, 96, -26, -129]	[167, -7, 132, 205, 139]	[50, 35, 10, 152, 213]	[87, 149, 47, -11, -55]	[-175, -181, -223, -88, 121]
139	71.6	[-168, 78, -60, -119, -97]	[101, 30, -30, -134, 114]	[116, 179, 99, -11, -102]	[132, -61, 186, 192, 134]	[50, 36, 14, 117, 200]	[87, 107, 35, -19, -52]	[-175, -181, -223, -94, 121]
140	70.3	[-168, 130, -149, -149, -96]	[62, -35, -47, -159, 125]	[122, 169, 97, -156, -110]	[167, 21, 138, 192, 126]	[62, 38, 14, 143, 202]	[87, 149, 53, -15, -48]	[-176, -143, -223, -89, 121]
141	69.3	[-174, 191, -191, -160, -95]	[134, -28, 59, 50, 107]	[116, 171, 93, 37, -156]	[167, -75, 146, 210, 120]	[62, 55, 7, 102, 132]	[100, 133, 41, -8, -39]	[-187, -187, -231, -93, 121]
142	68.9	[-162, 152, -105, -170, -101]	[143, -18, -8, -159, 183]	[116, 167, 96, 1, -96]	[167, -72, 148, 204, 140]	[59, 42, 14, 139, 187]	[96, 150, 36, -8, -44]	[-175, -228, -229, -93, 121]
143	71.0	[-174, 148, -62, -180, -45]	[124, -16, -56, -90, 226]	[116, 170, 100, -27, -137]	[169, -43, 138, 214, 134]	[55, 34, 8, 126, 191]	[90, 144, 35, 9, -44]	[-169, -200, -227, -87, 121]
144	69.4	[-174, 152, -105, -170, -107]	[143, -18, -8, -153, 183]	[116, 169, 89, -83, -122]	[167, -72, 148, 204, 136]	[59, 37, 12, 141, 187]	[90, 150, 30, -12, -44]	[-169, -228, -224, -99, 121]
145	69.6	[-168, 149, -135, -153, -97]	[62, -22, -41, -76, 109]	[116, 179, 96, -13, -102]	[167, -72, 135, 208, 134]	[50, 36, 14, 146, 202]	[87, 149, 36, -8, -61]	[-175, -181, -223, -88, 121]
146	70.2	[-168, 128, -149, -149, -96]	[62, -40, -46, -163, 109]	[116, 175, 97, -16, -129]	[167, 53, 140, 205, 137]	[50, 35, 11, 130, 188]	[87, 149, 39, -11, -55]	[-175, -181, -223, -88, 121]
147	68.4	[-172, 182, -92, -185, -46]	[62, -22, -48, -163, 109]	[117, 173, 96, -26, -129]	[167, 40, 138, 205, 137]	[50, 35, 11, 151, 213]	[87, 149, 39, -11, -55]	[-175, -181, -223, -88, 121]
148	71.5	[-172, 182, -92, -185, -46]	[62, -22, -48, -163, 109]	[117, 173, 96, -26, -129]	[167, 40, 138, 205, 137]	[50, 35, 11, 151, 213]	[87, 149, 39, -11, -55]	[-175, -181, -223, -88, 121]
149	69.6	[-168, 78, -60, -119, -97]	[101, 30, -30, -134, 114]	[110, 169, 99, -11, -102]	[132, -23, 160, 202, 134]	[50, 36, 14, 117, 200]	[87, 107, 35, -19, -52]	[-175, -181, -223, -94, 121]
150	70.9	[-168, 128, -149, -149, -96]	[62, -40, -46, -163, 109]	[117, 171, 89, -27, -129]	[169, 17, 132, 205, 139]	[50, 34, 8, 131, 213]	[87, 149, 47, -9, -60]	[-175, -181, -223, -88, 121]
151	69.2	[-168, 128, -149, -149, -96]	[62, -40, -46, -163, 109]	[117, 171, 89, -27, -129]	[169, 17, 132, 205, 139]	[50, 34, 8, 131, 213]	[87, 149, 47, -9, -60]	[-175, -181, -223, -88, 121]
152	73.2	[-168, 128, -149, -149, -96]	[62, -40, -47, -159, 125]	[119, 176, 96, -87, -105]	[167, 52, 140, 200, 127]	[55, 35, 14, 146, 202]	[87, 124, 35, -20, -59]	[-176, -143, -223, -89, 121]
153	69.7	[-168, 148, -62, -180, -45]	[124, -16, -56, -90, 226]	[116, 170, 100, -27, -137]	[169, -43, 138, 214, 134]	[55, 34, 8, 126, 191]	[89, 133, 35, 9, -44]	[-170, -185, -224, -89, 121]
154	70.7	[-168, 128, -149, -149, -96]	[62, -40, -46, -163, 109]	[116, 175, 97, -16, -129]	[167, 53, 140, 205, 137]	[50, 35, 11, 130, 188]	[87, 149, 39, -5, -55]	[-175, -181, -223, -88, 121]
155	70.4	[-172, 182, -92, -185, -46]	[62, -22, -48, -163, 109]	[117, 173, 96, -26, -129]	[167, 40, 132, 205, 137]	[50, 35, 11, 151, 213]	[87, 149, 39, -11, -55]	[-175, -181, -223, -88, 121]
156	68.5	[-174, 143, -135, -153, -97]	[144, -34, -51, -89, 140]	[116, 168, 91, -25, -131]	[169, -47, 141, 206, 129]	[56, 37, 10, 135, 208]	[87, 150, 36, -8, -44]	[-175, -181, -223, -88, 121]
157	71.0	[-168, 128, -149, -149, -96]	[62, -40, -46, -163, 109]	[116, 175, 103, -16, -129]	[167, 53, 140, 205, 137]	[50, 35, 11, 130, 188]	[87, 149, 39, -5, -55]	[-175, -181, -223, -88, 121]
158	70.1	[-174, 191, -74, -189, -45]	[124, -16, -53, -88, 226]	[123, 176, 99, -27, -137]	[167, -74, 167, 193, 124]	[101, 36, 5, 88, 134]	[90, 150, 43, 9, -44]	[-175, -228, -235, -81, 121]
159	71.1	[-168, 148, -62, -180, -45]	[124, -16, -56, -90, 220]	[116, 170, 97, -31, -136]	[169, -43, 138, 220, 134]	[51, 36, 13, 145, 200]	[90, 144, 35, 9, -51]	[-170, -196, -223, -91, 121]
160	72.3	[-168, 78, -74, -190, -97]	[139, 10, -38, -64, 132]	[117, 162, 95, -11, -102]	[179, -68, 175, 192, 134]	[50, 36, 14, 117, 194]	[87, 107, 35, -25, -52]	[-175, -206, -227, -89, 121]
161	70.6	[-169, 125, -147, -132, -92]	[83, -36, -41, -24, 209]	[116, 171, 90, -76, -143]	[168, -48, 141, 220, 134]	[54, 36, 14, 142, 202]	[87, 150, 12, -9, -46]	[-175, -181, -223, -88, 127]
162	71.1	[-172, 182, -92, -185, -46]	[62, -22, -48, -163, 109]	[117, 173, 96, -26, -129]	[167, 40, 132, 205, 137]	[50, 35, 12, 150, 211]	[87, 149, 39, -9, -50]	[-175, -181, -223, -88, 121]
163	70.2	[-168, 148, -62, -180, -45]	[124, -16, -56, -90, 226]	[116, 170, 100, -27, -137]	[169, -43, 138, 214, 134]	[55, 34, 8, 126, 191]	[89, 133, 35, 9, -44]	[-170, -185, -224, -83, 121]
164	73.3	[-172, 148, -120, -106, -91]	[83, 10, -37, -20, 100]	[116, 162, 82, -70, -143]	[167, 42, 156, 217, 134]	[53, 35, 14, 146, 202]	[90, 152, 11, -8, -44]	[-175, -181, -223, -88, 127]
165	71.4	[-168, 128, -149, -149, -96]	[62, -40, -46, -163, 109]	[117, 171, 89, -27, -129]	[169, 17, 132, 205, 139]	[50, 34, 8, 131, 213]	[87, 149, 47, -9, -60]	[-175, -181, -223, -88, 121]
166	70.4	[-168, 148, -62, -180, -45]	[124, -16, -56, -90, 226]	[116, 170, 100, -27, -137]	[169, -43, 138, 214, 134]	[55, 34, 8, 126, 191]	[89, 133, 35, 9, -44]	[-170, -185, -224, -83, 121]
167	71.4	[-172, 145, -116, -153, -91]	[105, -21, -40, -84, 179]	[116, 158, 98, -13, -134]	[169, -69, 155, 207, 138]	[50, 36, 14, 146, 202]	[87, 150, 11, -8, -44]	[-175, -181, -223, -88, 127]
168	72.5	[-172, 148, -120, -106, -91]	[83, 10, -37, -20, 100]	[116, 162, 82, -70, -143]	[167, 42, 156, 217, 134]	[53, 35, 14, 146, 202]	[90, 152, 11, -8, -44]	[-175, -181, -223, -88, 127]
169	71.8	[-172, 148, -120, -106, -91]	[83, 10, -37, -20, 100]	[116, 162, 82, -70, -143]	[167, 42, 156, 217, 134]	[53, 35, 14, 146, 202]	[90, 152, 11, -8, -44]	[-175, -181, -223, -88, 127]
170	71.7	[-168, 128, -149, -149, -96]	[62, -40, -46, -163, 109]	[116, 175, 103, -16, -129]	[167, 53, 140, 205, 137]	[50, 35, 11, 130, 188]	[87, 149, 39, -5, -55]	[-175, -181, -223, -88, 121]
171	71.9	[-168, 128, -149, -149, -96]	[77, -33, -43, -162, 109]	[116, 171, 97, -44, -129]	[167, 19, 161, 210, 139]	[50, 34, 10, 147, 213]	[87, 149, 40, -12, -60]	[-175, -128, -223, -88, 121]
172	70.9	[-172, 101, -135, -91, -91]	[83, -25, -46, -39, 105]	[113, 162, 97, -64, -142]	[167, 23, 180, 210, 133]	[52, 42, 14, 146, 202]	[87, 150, 11, -8, -38]	[-175, -181, -223, -88, 127]
173	71.0	[-168, 128, -149, -149, -96]	[62, -40, -46, -163, 109]	[116, 175, 103, -16, -129]	[167, 53, 140, 205, 137]	[50, 35, 11, 130, 188]	[87, 149, 39, -5, -55]	[-175, -181, -223, -88, 121]
174	70.1	[-172, 120, -139, -149, -92]	[62, -40, -46, -163, 109]	[117, 171, 89, -27, -129]	[169, 17, 132, 205, 139]	[50, 34, 8, 131, 213]	[87, 149, 47, -9, -54]	[-175, -181, -223, -88, 121]
175	70.4	[-172, 148, -120, -106, -91]	[83, 10, -37, -20, 100]	[116, 162, 82, -70, -143]	[167, 42, 156, 217, 134]	[53, 35, 14, 146, 202]	[90, 152, 11, -8, -44]	[-175, -181, -223, -88, 127]
176	70.2	[-168, 148, -92, -170, -94]	[115, -17, -56, -93, 166]	[116, 158, 98, -22, -131]	[168, -69, 137, 214, 134]	[50, 34, 13, 137, 215]	[89, 138, 35, -12, -44]	[-175, -181, -223, -88, 127]
177	70.8	[-174, 185, -74, -189, -83]	[114, -15, -33, -88, 226]	[116, 181, 99, -27, -136]	[171, -71, 143, 193, 124]	[59, 37, 11, 100, 170]	[90, 150, 40, 9, -48]	[-175, -228, -232, -82, 121]
178	71.8	[-172, 120, -139, -149, -92]	[62, -40, -46, -163, 109]	[123, 171, 89, -27, -129]	[169, 17, 132, 205, 139]	[50, 34, 10, 131, 213]	[87, 149, 40, -9, -50]	[-175, -181, -223, -88, 121]
179	74.1	[-172, 148, -120, -106, -91]	[83, 10, -37, -20, 100]	[116, 162, 82, -70, -143]	[167, 42, 156, 217, 134]	[53, 35, 14, 140, 202]	[90, 152, 11, -8, -44]	[-175, -181, -223, -88, 127]
180	70.1	[-169, 125, -147, -132, -92]	[83, -36, -41, -24, 209]	[110, 171, 84, -76, -143]	[168, -48, 141, 220, 128]	[54, 36, 14, 148, 202]	[87, 150, 12, -9, -46]	[-175, -181, -223, -88, 127]
181	70.4	[-172, 105, -127, -185, -46]	[72, -24, -47, -157, 109]	[113, 173, 96, -26, -129]	[167, 35, 132, 210, 143]	[50, 39, 11, 148, 211]	[87, 150, 12, -8, -46]	[-175, -181, -223, -88, 121]
182	72.2	[-172, 182, -92, -179, -46]	[68, -22, -48, -163, 109]	[114, 168, 97, -26, -129]	[167, 40, 132, 205, 143]	[50, 35, 14, 146, 211]	[87, 149, 17, -8, -40]	[-175, -181, -223, -88, 121]
183	70.9	[-168, 78, -106, -174, -54]	[65, -25, -47, -143, 96]	[115, 175, 97, -26, -111]	[166, 12, 134, 187, 134]	[43, 53, 10, 112, 195]	[88, 140, 29, -21, -52]	[-175, -146, -223, -90, 121]
184	71.4	[-172, 145, -116, -153, -91]	[105, -21, -40, -84, 179]	[122, 158, 98, -13, -134]	[169, -69, 155, 207, 138]	[50, 42, 14, 140, 202]	[87, 150, 11, -8, -44]	[-175, -181, -223, -88, 127]
185	73.1	[-172, 182, -92, -179, -46]	[68, -22, -48, -163, 109]	[114, 168, 97, -26, -129]	[167, 40, 132, 205, 143]	[50, 35, 14, 146, 211]	[87, 149, 17, -8, -40]	[-175, -181, -223, -88, 121]
186	70.6	[-168, 78, -106, -174, -54]	[65, -25, -47, -143, 96]	[115, 175, 97, -26, -111]	[166, 12, 134, 187, 134]	[43, 53, 10, 112, 195]	[88, 140, 29, -21, -52]	[-175, -146, -223, -90, 121]
187	71.9	[-172, 148, -120, -106, -91]	[83, 10, -37, -20, 100]	[116, 162, 82, -70, -143]	[167, 42, 156, 217, 134]	[53, 35, 14, 140, 202]	[90, 152, 11, -8, -44]	[-175, -181, -223, -88, 127]
188	71.7	[-168, 78, -106, -174, -54]	[65, -25, -47, -143, 96]	[115, 175, 97, -26, -111]	[166, 12, 134, 187, 134]	[43, 53, 10, 112, 195]	[88, 140, 29, -21, -52]	[-175, -146, -223, -90, 121]
189	71.4	[-168, 78, -106, -174, -54]	[65, -25, -47, -143, 96]	[115, 175, 97, -26, -111]	[166, 12, 134, 187, 134]	[43, 53, 10, 112, 195]	[88, 140, 29, -21, -52]	[-175, -146, -223, -90, 121]
190	71.4	[-172, 145, -137, -153, -91]	[105, -31, -42, -100, 131]	[116, 174, 101, -16, -131]	[169, 24, 141, 205, 138]	[50, 42, 14, 146, 202]	[87, 150, 11, -8, -44]	[-175, -181, -223, -88, 127]
191	70.9	[-168, 78, -106, -174, -54]	[65, -25, -47, -143, 96]	[115, 175, 97, -26, -111]	[166, 12, 134, 187, 134]	[43, 53, 10, 112, 195]	[88, 140, 29, -21, -52]	[-175, -146, -223, -90, 121]
192	71.0	[-168, 87, -128, -174, -54]	[65, -25, -51, -112, 102]	[115, 172, 88, -26, -111]	[166, 4, 138, 186, 134]	[43, 36, 11, 115, 195]	[87, 93, 29, -21, -52]	[-175, -164, -223, -100, 121]
193	71.5	[-168, 148, -62, -180, -45]	[124, -16, -56, -78, 220]	[116, 170, 97, -31, -136]	[169, -43, 138, 220, 134]	[57, 37, 12, 107, 200]	[90, 144, 37, 9, -51]	[-170, -196, -223, -91, 115]
194	70.7	[-168, 148, -62, -180, -45]	[124, -16, -56, -78, 220]	[116, 170, 97, -31, -136]	[169, -43, 138, 220, 134]	[57, 37, 12, 107, 200]	[90, 144, 37, 9, -51]	[-170, -196, -223, -91, 115]
195	70.1	[-168, 148, -62, -180, -45]	[124, -16, -56, -78, 220]	[116, 170, 97, -31, -136]	[169, -43, 138, 220, 134]	[57, 37, 12, 107, 200]	[90, 144, 37, 9, -51]	[-170, -196, -223, -91, 115]
196	72.0	[-168, 148, -62, -180, -45]	[124, -16, -56, -78, 220]	[116, 170, 97, -31, -136]	[169, -43, 138, 220, 134]	[57, 37, 12, 107, 200]	[90, 144, 37, 9, -51]	[-170, -196, -223, -91, 115]
197	70.9	[-168, 87, -122, -174, -54]	[65, -25, -51, -112, 102]	[115, 172, 82, -26, -111]	[166, 4, 138, 186, 134]	[43, 36, 11, 115, 195]	[87, 93, 29, -21, -52]	[-175, -164, -223, -100, 121]
198	71.2	[-168, 128, -149, -149, -96]	[77, -33, -51, -162, 109]	[116, 161, 98, -42, -131]	[167, -9, 161, 210, 139]	[50, 34, 10, 147, 213]	[87, 149, 40, -12, -60]	[-175, -128, -217, -88, 127]
199	70.3	[-172, 145, -137, -153, -91]	[105, -31, -42, -100, 131]	[116, 174, 101, -16, -131]	[169, 24, 141, 205, 138]	[50, 42, 14, 146, 202]	[87, 150, 11, -8, -44]	[-175, -181, -223, -94, 127]
200	70.3	[-168, 149, -115, -170, -45]	[62, 1, -50, -83, 109]	[116, 180, 99, -23, -134]	[167, -65, 135, 197, 134]	[25, 36, 11, 109, 173]	[93, 149, 40, 8, -54]	[-175, -181, -223, -88, 121]
